0,1,0,4.533417936,1.761074038
0,2,0,7.023330137,0.023300684
0,3,0,0.0625,9.439144737
0,4,0,1.789291883,1037.789292
0,5,0,2.561310782,86407.9105
0,6,0,0.067444877,43.05577173
0,7,0,0.067444877,25.03242542
1,2,0,1.3573927,0.023541849
1,3,0,0.024030386,0.963683528
1,4,0,0.024030386,43.05577173
1,5,0,1.135099961,86407.9105
1,6,0,0.024030386,43.05577173
1,7,0,0.024030386,25.03242542
2,3,0,0.016430035,0.0
2,4,0,0.016430035,7243.197499
2,5,0,0.046783353,30656.57762
2,6,0,0.016430035,8261.803022
2,7,0,0.016430035,6919.60396
3,4,0,0.0,7243.197499
3,5,0,0.0,66596.68704
3,6,0,0.0,12184.17723
3,7,0,0.0,6919.60396
4,5,0,512.7601322,5427.10672
4,6,0,38.07786885,38.07786885
4,7,0,38.07786885,20.04098361
5,6,0,5427.10672,1425.253623
5,7,0,5427.10672,154.1086957
6,7,0,38.07786885,20.04098361
0,1,1,0.0625,0.02914964
0,2,1,5.916666667,0.027988384
0,3,1,0.0625,9.439144737
0,4,1,0.067444877,43.05577173
0,5,1,2.561310782,86407.9105
0,6,1,0.067444877,43.05577173
0,7,1,0.067444877,25.03242542
1,2,1,1.3573927,0.023541849
1,3,1,0.024030386,0.963683528
1,4,1,0.024030386,43.05577173
1,5,1,1.135099961,86407.9105
1,6,1,0.024030386,43.05577173
1,7,1,0.024030386,25.03242542
2,3,1,0.016430035,0.0
2,4,1,0.016430035,7243.197499
2,5,1,0.046783353,30656.57762
2,6,1,0.016430035,8261.803022
2,7,1,0.016430035,6919.60396
3,4,1,0.0,7243.197499
3,5,1,0.0,66596.68704
3,6,1,0.0,12184.17723
3,7,1,0.0,6919.60396
4,5,1,512.7601322,5427.10672
4,6,1,38.07786885,38.07786885
4,7,1,38.07786885,20.04098361
5,6,1,5427.10672,1425.253623
5,7,1,5427.10672,154.1086957
6,7,1,38.07786885,20.04098361
0,1,2,0.0625,0.02914964
0,2,2,5.916666667,0.027988384
0,3,2,0.0625,9.439144737
0,4,2,0.067444877,43.05577173
0,5,2,2.561310782,86407.9105
0,6,2,0.067444877,43.05577173
0,7,2,0.067444877,25.03242542
1,2,2,1.3573927,0.023541849
1,3,2,0.024030386,0.963683528
1,4,2,0.024030386,43.05577173
1,5,2,1.135099961,86407.9105
1,6,2,0.024030386,43.05577173
1,7,2,0.024030386,25.03242542
2,3,2,0.016430035,0.0
2,4,2,0.016430035,7243.197499
2,5,2,0.046783353,30656.57762
2,6,2,0.016430035,8261.803022
2,7,2,0.016430035,6919.60396
3,4,2,0.0,7243.197499
3,5,2,0.0,66596.68704
3,6,2,0.0,12184.17723
3,7,2,0.0,6919.60396
4,5,2,512.7601322,5427.10672
4,6,2,38.07786885,38.07786885
4,7,2,38.07786885,20.04098361
5,6,2,5427.10672,1425.253623
5,7,2,5427.10672,154.1086957
6,7,2,38.07786885,20.04098361
0,1,3,0.0625,0.02914964
0,2,3,5.916666667,0.027988384
0,3,3,0.0625,9.439144737
0,4,3,0.067444877,43.05577173
0,5,3,2.561310782,86407.9105
0,6,3,0.067444877,43.05577173
0,7,3,0.067444877,25.03242542
1,2,3,1.3573927,0.023541849
1,3,3,0.024030386,0.963683528
1,4,3,0.024030386,43.05577173
1,5,3,1.135099961,86407.9105
1,6,3,0.024030386,43.05577173
1,7,3,0.024030386,25.03242542
2,3,3,0.016430035,0.0
2,4,3,0.016430035,7243.197499
2,5,3,0.046783353,30656.57762
2,6,3,0.016430035,8261.803022
2,7,3,0.016430035,6919.60396
3,4,3,0.0,7243.197499
3,5,3,0.0,66596.68704
3,6,3,0.0,12184.17723
3,7,3,0.0,6919.60396
4,5,3,512.7601322,5427.10672
4,6,3,38.07786885,38.07786885
4,7,3,38.07786885,20.04098361
5,6,3,5427.10672,1425.253623
5,7,3,5427.10672,154.1086957
6,7,3,38.07786885,20.04098361
0,1,4,0.0625,0.02914964
0,2,4,5.916666667,0.027988384
0,3,4,0.0625,9.439144737
0,4,4,0.067444877,43.05577173
0,5,4,2.561310782,86407.9105
0,6,4,0.067444877,43.05577173
0,7,4,0.067444877,25.03242542
1,2,4,1.3573927,0.023541849
1,3,4,0.024030386,0.963683528
1,4,4,0.024030386,43.05577173
1,5,4,1.135099961,86407.9105
1,6,4,0.024030386,43.05577173
1,7,4,0.024030386,25.03242542
2,3,4,0.016430035,0.0
2,4,4,0.016430035,7243.197499
2,5,4,0.046783353,30656.57762
2,6,4,0.016430035,8261.803022
2,7,4,0.016430035,6919.60396
3,4,4,0.0,7243.197499
3,5,4,0.0,66596.68704
3,6,4,0.0,12184.17723
3,7,4,0.0,6919.60396
4,5,4,512.7601322,5427.10672
4,6,4,38.07786885,38.07786885
4,7,4,38.07786885,20.04098361
5,6,4,5427.10672,1425.253623
5,7,4,5427.10672,154.1086957
6,7,4,38.07786885,20.04098361
0,1,5,0.0625,0.02914964
0,2,5,5.916666667,0.027988384
0,3,5,0.0625,9.439144737
0,4,5,0.067444877,43.05577173
0,5,5,2.561310782,86407.9105
0,6,5,0.067444877,43.05577173
0,7,5,0.067444877,25.03242542
1,2,5,1.3573927,0.023541849
1,3,5,0.024030386,0.963683528
1,4,5,0.024030386,43.05577173
1,5,5,1.135099961,86407.9105
1,6,5,0.024030386,43.05577173
1,7,5,0.024030386,25.03242542
2,3,5,0.016430035,0.0
2,4,5,0.016430035,7243.197499
2,5,5,0.046783353,30656.57762
2,6,5,0.016430035,8261.803022
2,7,5,0.016430035,6919.60396
3,4,5,0.0,7243.197499
3,5,5,0.0,66596.68704
3,6,5,0.0,12184.17723
3,7,5,0.0,6919.60396
4,5,5,512.7601322,5427.10672
4,6,5,38.07786885,38.07786885
4,7,5,38.07786885,20.04098361
5,6,5,5427.10672,1425.253623
5,7,5,5427.10672,154.1086957
6,7,5,38.07786885,20.04098361
0,1,6,0.0625,0.02914964
0,2,6,5.916666667,0.027988384
0,3,6,0.0625,9.439144737
0,4,6,0.067444877,43.05577173
0,5,6,2.561310782,86407.9105
0,6,6,0.067444877,43.05577173
0,7,6,0.067444877,25.03242542
1,2,6,1.3573927,0.023541849
1,3,6,0.024030386,0.963683528
1,4,6,0.024030386,43.05577173
1,5,6,1.135099961,86407.9105
1,6,6,0.024030386,43.05577173
1,7,6,0.024030386,25.03242542
2,3,6,0.016430035,0.0
2,4,6,0.016430035,7243.197499
2,5,6,0.046783353,30656.57762
2,6,6,0.016430035,8261.803022
2,7,6,0.016430035,6919.60396
3,4,6,0.0,7243.197499
3,5,6,0.0,66596.68704
3,6,6,0.0,12184.17723
3,7,6,0.0,6919.60396
4,5,6,512.7601322,5427.10672
4,6,6,38.07786885,38.07786885
4,7,6,38.07786885,20.04098361
5,6,6,5427.10672,1425.253623
5,7,6,5427.10672,154.1086957
6,7,6,38.07786885,20.04098361
0,1,7,0.0625,0.02914964
0,2,7,5.916666667,0.027988384
0,3,7,0.0625,9.439144737
0,4,7,0.067444877,43.05577173
0,5,7,2.561310782,86407.9105
0,6,7,0.067444877,43.05577173
0,7,7,0.067444877,25.03242542
1,2,7,1.3573927,0.023541849
1,3,7,0.024030386,0.963683528
1,4,7,0.024030386,43.05577173
1,5,7,1.135099961,86407.9105
1,6,7,0.024030386,43.05577173
1,7,7,0.024030386,25.03242542
2,3,7,0.016430035,0.0
2,4,7,0.016430035,7243.197499
2,5,7,0.046783353,30656.57762
2,6,7,0.016430035,8261.803022
2,7,7,0.016430035,6919.60396
3,4,7,0.0,7243.197499
3,5,7,0.0,66596.68704
3,6,7,0.0,12184.17723
3,7,7,0.0,6919.60396
4,5,7,512.7601322,5427.10672
4,6,7,38.07786885,38.07786885
4,7,7,38.07786885,20.04098361
5,6,7,5427.10672,1425.253623
5,7,7,5427.10672,154.1086957
6,7,7,38.07786885,20.04098361
0,1,8,0.0625,0.02914964
0,2,8,5.916666667,0.027988384
0,3,8,0.0625,9.439144737
0,4,8,0.067444877,43.05577173
0,5,8,2.561310782,86407.9105
0,6,8,0.067444877,43.05577173
0,7,8,0.067444877,25.03242542
1,2,8,1.3573927,0.023541849
1,3,8,0.024030386,0.963683528
1,4,8,0.024030386,43.05577173
1,5,8,1.135099961,86407.9105
1,6,8,0.024030386,43.05577173
1,7,8,0.024030386,25.03242542
2,3,8,0.016430035,0.0
2,4,8,0.016430035,7243.197499
2,5,8,0.046783353,30656.57762
2,6,8,0.016430035,8261.803022
2,7,8,0.016430035,6919.60396
3,4,8,0.0,7243.197499
3,5,8,0.0,66596.68704
3,6,8,0.0,12184.17723
3,7,8,0.0,6919.60396
4,5,8,512.7601322,5427.10672
4,6,8,38.07786885,38.07786885
4,7,8,38.07786885,20.04098361
5,6,8,5427.10672,1425.253623
5,7,8,5427.10672,154.1086957
6,7,8,38.07786885,20.04098361
0,1,9,0.0625,0.02914964
0,2,9,5.916666667,0.027988384
0,3,9,0.0625,9.439144737
0,4,9,0.067444877,43.05577173
0,5,9,2.561310782,86407.9105
0,6,9,0.067444877,43.05577173
0,7,9,0.067444877,25.03242542
1,2,9,1.3573927,0.023541849
1,3,9,0.024030386,0.963683528
1,4,9,0.024030386,43.05577173
1,5,9,1.135099961,86407.9105
1,6,9,0.024030386,43.05577173
1,7,9,0.024030386,25.03242542
2,3,9,0.016430035,0.0
2,4,9,0.016430035,7243.197499
2,5,9,0.046783353,30656.57762
2,6,9,0.016430035,8261.803022
2,7,9,0.016430035,6919.60396
3,4,9,0.0,7243.197499
3,5,9,0.0,66596.68704
3,6,9,0.0,12184.17723
3,7,9,0.0,6919.60396
4,5,9,512.7601322,5427.10672
4,6,9,38.07786885,38.07786885
4,7,9,38.07786885,20.04098361
5,6,9,5427.10672,1425.253623
5,7,9,5427.10672,154.1086957
6,7,9,38.07786885,20.04098361
0,1,10,0.0625,0.02914964
0,2,10,5.916666667,0.027988384
0,3,10,0.0625,9.439144737
0,4,10,0.067444877,43.05577173
0,5,10,2.561310782,86407.9105
0,6,10,0.067444877,43.05577173
0,7,10,0.067444877,25.03242542
1,2,10,1.3573927,0.023541849
1,3,10,0.024030386,0.963683528
1,4,10,0.024030386,43.05577173
1,5,10,1.135099961,86407.9105
1,6,10,0.024030386,43.05577173
1,7,10,0.024030386,25.03242542
2,3,10,0.016430035,0.0
2,4,10,0.016430035,7243.197499
2,5,10,0.046783353,30656.57762
2,6,10,0.016430035,8261.803022
2,7,10,0.016430035,6919.60396
3,4,10,0.0,7243.197499
3,5,10,0.0,66596.68704
3,6,10,0.0,12184.17723
3,7,10,0.0,6919.60396
4,5,10,512.7601322,5427.10672
4,6,10,38.07786885,38.07786885
4,7,10,38.07786885,20.04098361
5,6,10,5427.10672,1425.253623
5,7,10,5427.10672,154.1086957
6,7,10,38.07786885,20.04098361
0,1,11,0.0625,0.02914964
0,2,11,5.916666667,0.027988384
0,3,11,0.0625,9.439144737
0,4,11,0.067444877,43.05577173
0,5,11,2.561310782,86407.9105
0,6,11,0.067444877,43.05577173
0,7,11,0.067444877,25.03242542
1,2,11,1.3573927,0.023541849
1,3,11,0.024030386,0.963683528
1,4,11,0.024030386,43.05577173
1,5,11,1.135099961,86407.9105
1,6,11,0.024030386,43.05577173
1,7,11,0.024030386,25.03242542
2,3,11,0.016430035,0.0
2,4,11,0.016430035,7243.197499
2,5,11,0.046783353,30656.57762
2,6,11,0.016430035,8261.803022
2,7,11,0.016430035,6919.60396
3,4,11,0.0,7243.197499
3,5,11,0.0,66596.68704
3,6,11,0.0,12184.17723
3,7,11,0.0,6919.60396
4,5,11,512.7601322,5427.10672
4,6,11,38.07786885,38.07786885
4,7,11,38.07786885,20.04098361
5,6,11,5427.10672,1425.253623
5,7,11,5427.10672,154.1086957
6,7,11,38.07786885,20.04098361
0,1,12,0.0625,0.02914964
0,2,12,5.916666667,0.027988384
0,3,12,0.0625,9.439144737
0,4,12,0.067444877,43.05577173
0,5,12,2.561310782,86407.9105
0,6,12,0.067444877,43.05577173
0,7,12,0.067444877,25.03242542
1,2,12,1.3573927,0.023541849
1,3,12,0.024030386,0.963683528
1,4,12,0.024030386,43.05577173
1,5,12,1.135099961,86407.9105
1,6,12,0.024030386,43.05577173
1,7,12,0.024030386,25.03242542
2,3,12,0.016430035,0.0
2,4,12,0.016430035,7243.197499
2,5,12,0.046783353,30656.57762
2,6,12,0.016430035,8261.803022
2,7,12,0.016430035,6919.60396
3,4,12,0.0,7243.197499
3,5,12,0.0,66596.68704
3,6,12,0.0,12184.17723
3,7,12,0.0,6919.60396
4,5,12,512.7601322,5427.10672
4,6,12,38.07786885,38.07786885
4,7,12,38.07786885,20.04098361
5,6,12,5427.10672,1425.253623
5,7,12,5427.10672,154.1086957
6,7,12,38.07786885,20.04098361
0,1,13,0.0625,0.02914964
0,2,13,5.916666667,0.027988384
0,3,13,0.0625,9.439144737
0,4,13,0.067444877,43.05577173
0,5,13,2.561310782,86407.9105
0,6,13,0.067444877,43.05577173
0,7,13,0.067444877,25.03242542
1,2,13,1.3573927,0.023541849
1,3,13,0.024030386,0.963683528
1,4,13,0.024030386,43.05577173
1,5,13,1.135099961,86407.9105
1,6,13,0.024030386,43.05577173
1,7,13,0.024030386,25.03242542
2,3,13,0.016430035,0.0
2,4,13,0.016430035,7243.197499
2,5,13,0.046783353,30656.57762
2,6,13,0.016430035,8261.803022
2,7,13,0.016430035,6919.60396
3,4,13,0.0,7243.197499
3,5,13,0.0,66596.68704
3,6,13,0.0,12184.17723
3,7,13,0.0,6919.60396
4,5,13,512.7601322,5427.10672
4,6,13,38.07786885,38.07786885
4,7,13,38.07786885,20.04098361
5,6,13,5427.10672,1425.253623
5,7,13,5427.10672,154.1086957
6,7,13,38.07786885,20.04098361
0,1,14,0.0625,0.02914964
0,2,14,5.916666667,0.027988384
0,3,14,0.0625,9.439144737
0,4,14,0.067444877,43.05577173
0,5,14,2.561310782,86407.9105
0,6,14,0.067444877,43.05577173
0,7,14,0.067444877,25.03242542
1,2,14,1.3573927,0.023541849
1,3,14,0.024030386,0.963683528
1,4,14,0.024030386,43.05577173
1,5,14,1.135099961,86407.9105
1,6,14,0.024030386,43.05577173
1,7,14,0.024030386,25.03242542
2,3,14,0.016430035,0.0
2,4,14,0.016430035,7243.197499
2,5,14,0.046783353,30656.57762
2,6,14,0.016430035,8261.803022
2,7,14,0.016430035,6919.60396
3,4,14,0.0,7243.197499
3,5,14,0.0,66596.68704
3,6,14,0.0,12184.17723
3,7,14,0.0,6919.60396
4,5,14,512.7601322,5427.10672
4,6,14,38.07786885,38.07786885
4,7,14,38.07786885,20.04098361
5,6,14,5427.10672,1425.253623
5,7,14,5427.10672,154.1086957
6,7,14,38.07786885,20.04098361
0,1,15,0.0625,0.02914964
0,2,15,5.916666667,0.027988384
0,3,15,0.0625,9.439144737
0,4,15,0.067444877,43.05577173
0,5,15,2.561310782,86407.9105
0,6,15,0.067444877,43.05577173
0,7,15,0.067444877,25.03242542
1,2,15,1.3573927,0.023541849
1,3,15,0.024030386,0.963683528
1,4,15,0.024030386,43.05577173
1,5,15,1.135099961,86407.9105
1,6,15,0.024030386,43.05577173
1,7,15,0.024030386,25.03242542
2,3,15,0.016430035,0.0
2,4,15,0.016430035,7243.197499
2,5,15,0.046783353,30656.57762
2,6,15,0.016430035,8261.803022
2,7,15,0.016430035,6919.60396
3,4,15,0.0,7243.197499
3,5,15,0.0,66596.68704
3,6,15,0.0,12184.17723
3,7,15,0.0,6919.60396
4,5,15,512.7601322,5427.10672
4,6,15,38.07786885,38.07786885
4,7,15,38.07786885,20.04098361
5,6,15,5427.10672,1425.253623
5,7,15,5427.10672,154.1086957
6,7,15,38.07786885,20.04098361
0,1,16,0.0625,0.02914964
0,2,16,5.916666667,0.027988384
0,3,16,0.0625,9.439144737
0,4,16,0.067444877,43.05577173
0,5,16,2.561310782,86407.9105
0,6,16,0.067444877,43.05577173
0,7,16,0.067444877,25.03242542
1,2,16,1.3573927,0.023541849
1,3,16,0.024030386,0.963683528
1,4,16,0.024030386,43.05577173
1,5,16,1.135099961,86407.9105
1,6,16,0.024030386,43.05577173
1,7,16,0.024030386,25.03242542
2,3,16,0.016430035,0.0
2,4,16,0.016430035,7243.197499
2,5,16,0.046783353,30656.57762
2,6,16,0.016430035,8261.803022
2,7,16,0.016430035,6919.60396
3,4,16,0.0,7243.197499
3,5,16,0.0,66596.68704
3,6,16,0.0,12184.17723
3,7,16,0.0,6919.60396
4,5,16,512.7601322,5427.10672
4,6,16,38.07786885,38.07786885
4,7,16,38.07786885,20.04098361
5,6,16,5427.10672,1425.253623
5,7,16,5427.10672,154.1086957
6,7,16,38.07786885,20.04098361
0,1,17,0.0625,0.02914964
0,2,17,5.916666667,0.027988384
0,3,17,0.0625,9.439144737
0,4,17,0.067444877,43.05577173
0,5,17,2.561310782,86407.9105
0,6,17,0.067444877,43.05577173
0,7,17,0.067444877,25.03242542
1,2,17,1.3573927,0.023541849
1,3,17,0.024030386,0.963683528
1,4,17,0.024030386,43.05577173
1,5,17,1.135099961,86407.9105
1,6,17,0.024030386,43.05577173
1,7,17,0.024030386,25.03242542
2,3,17,0.016430035,0.0
2,4,17,0.016430035,7243.197499
2,5,17,0.046783353,30656.57762
2,6,17,0.016430035,8261.803022
2,7,17,0.016430035,6919.60396
3,4,17,0.0,7243.197499
3,5,17,0.0,66596.68704
3,6,17,0.0,12184.17723
3,7,17,0.0,6919.60396
4,5,17,512.7601322,5427.10672
4,6,17,38.07786885,38.07786885
4,7,17,38.07786885,20.04098361
5,6,17,5427.10672,1425.253623
5,7,17,5427.10672,154.1086957
6,7,17,38.07786885,20.04098361
0,1,18,0.0625,0.02914964
0,2,18,5.916666667,0.027988384
0,3,18,0.0625,9.439144737
0,4,18,0.067444877,43.05577173
0,5,18,2.561310782,86407.9105
0,6,18,0.067444877,43.05577173
0,7,18,0.067444877,25.03242542
1,2,18,1.3573927,0.023541849
1,3,18,0.024030386,0.963683528
1,4,18,0.024030386,43.05577173
1,5,18,1.135099961,86407.9105
1,6,18,0.024030386,43.05577173
1,7,18,0.024030386,25.03242542
2,3,18,0.016430035,0.0
2,4,18,0.016430035,7243.197499
2,5,18,0.046783353,30656.57762
2,6,18,0.016430035,8261.803022
2,7,18,0.016430035,6919.60396
3,4,18,0.0,7243.197499
3,5,18,0.0,66596.68704
3,6,18,0.0,12184.17723
3,7,18,0.0,6919.60396
4,5,18,512.7601322,5427.10672
4,6,18,38.07786885,38.07786885
4,7,18,38.07786885,20.04098361
5,6,18,5427.10672,1425.253623
5,7,18,5427.10672,154.1086957
6,7,18,38.07786885,20.04098361
0,1,19,0.0625,0.02914964
0,2,19,5.916666667,0.027988384
0,3,19,0.0625,9.439144737
0,4,19,0.067444877,43.05577173
0,5,19,2.561310782,86407.9105
0,6,19,0.067444877,43.05577173
0,7,19,0.067444877,25.03242542
1,2,19,1.3573927,0.023541849
1,3,19,0.024030386,0.963683528
1,4,19,0.024030386,43.05577173
1,5,19,1.135099961,86407.9105
1,6,19,0.024030386,43.05577173
1,7,19,0.024030386,25.03242542
2,3,19,0.016430035,0.0
2,4,19,0.016430035,7243.197499
2,5,19,0.046783353,30656.57762
2,6,19,0.016430035,8261.803022
2,7,19,0.016430035,6919.60396
3,4,19,0.0,7243.197499
3,5,19,0.0,66596.68704
3,6,19,0.0,12184.17723
3,7,19,0.0,6919.60396
4,5,19,512.7601322,5427.10672
4,6,19,38.07786885,38.07786885
4,7,19,38.07786885,20.04098361
5,6,19,5427.10672,1425.253623
5,7,19,5427.10672,154.1086957
6,7,19,38.07786885,20.04098361
0,1,20,0.0625,0.02914964
0,2,20,5.916666667,0.027988384
0,3,20,0.0625,9.439144737
0,4,20,0.067444877,43.05577173
0,5,20,2.561310782,86407.9105
0,6,20,0.067444877,43.05577173
0,7,20,0.067444877,25.03242542
1,2,20,1.3573927,0.023541849
1,3,20,0.024030386,0.963683528
1,4,20,0.024030386,43.05577173
1,5,20,1.135099961,86407.9105
1,6,20,0.024030386,43.05577173
1,7,20,0.024030386,25.03242542
2,3,20,0.016430035,0.0
2,4,20,0.016430035,7243.197499
2,5,20,0.046783353,30656.57762
2,6,20,0.016430035,8261.803022
2,7,20,0.016430035,6919.60396
3,4,20,0.0,7243.197499
3,5,20,0.0,66596.68704
3,6,20,0.0,12184.17723
3,7,20,0.0,6919.60396
4,5,20,512.7601322,5427.10672
4,6,20,38.07786885,38.07786885
4,7,20,38.07786885,20.04098361
5,6,20,5427.10672,1425.253623
5,7,20,5427.10672,154.1086957
6,7,20,38.07786885,20.04098361
0,1,21,0.0625,0.02914964
0,2,21,5.916666667,0.027988384
0,3,21,0.0625,9.439144737
0,4,21,0.067444877,43.05577173
0,5,21,2.561310782,86407.9105
0,6,21,0.067444877,43.05577173
0,7,21,0.067444877,25.03242542
1,2,21,1.3573927,0.023541849
1,3,21,0.024030386,0.963683528
1,4,21,0.024030386,43.05577173
1,5,21,1.135099961,86407.9105
1,6,21,0.024030386,43.05577173
1,7,21,0.024030386,25.03242542
2,3,21,0.016430035,0.0
2,4,21,0.016430035,7243.197499
2,5,21,0.046783353,30656.57762
2,6,21,0.016430035,8261.803022
2,7,21,0.016430035,6919.60396
3,4,21,0.0,7243.197499
3,5,21,0.0,66596.68704
3,6,21,0.0,12184.17723
3,7,21,0.0,6919.60396
4,5,21,512.7601322,5427.10672
4,6,21,38.07786885,38.07786885
4,7,21,38.07786885,20.04098361
5,6,21,5427.10672,1425.253623
5,7,21,5427.10672,154.1086957
6,7,21,38.07786885,20.04098361
0,1,22,0.0625,0.02914964
0,2,22,5.916666667,0.027988384
0,3,22,0.0625,9.439144737
0,4,22,0.067444877,43.05577173
0,5,22,2.561310782,86407.9105
0,6,22,0.067444877,43.05577173
0,7,22,0.067444877,25.03242542
1,2,22,1.3573927,0.023541849
1,3,22,0.024030386,0.963683528
1,4,22,0.024030386,43.05577173
1,5,22,1.135099961,86407.9105
1,6,22,0.024030386,43.05577173
1,7,22,0.024030386,25.03242542
2,3,22,0.016430035,0.0
2,4,22,0.016430035,7243.197499
2,5,22,0.046783353,30656.57762
2,6,22,0.016430035,8261.803022
2,7,22,0.016430035,6919.60396
3,4,22,0.0,7243.197499
3,5,22,0.0,66596.68704
3,6,22,0.0,12184.17723
3,7,22,0.0,6919.60396
4,5,22,512.7601322,5427.10672
4,6,22,38.07786885,38.07786885
4,7,22,38.07786885,20.04098361
5,6,22,5427.10672,1425.253623
5,7,22,5427.10672,154.1086957
6,7,22,38.07786885,20.04098361
0,1,23,0.0625,0.02914964
0,2,23,5.916666667,0.027988384
0,3,23,0.0625,9.439144737
0,4,23,0.067444877,43.05577173
0,5,23,2.561310782,86407.9105
0,6,23,0.067444877,43.05577173
0,7,23,0.067444877,25.03242542
1,2,23,1.3573927,0.023541849
1,3,23,0.024030386,0.963683528
1,4,23,0.024030386,43.05577173
1,5,23,1.135099961,86407.9105
1,6,23,0.024030386,43.05577173
1,7,23,0.024030386,25.03242542
2,3,23,0.016430035,0.0
2,4,23,0.016430035,7243.197499
2,5,23,0.046783353,30656.57762
2,6,23,0.016430035,8261.803022
2,7,23,0.016430035,6919.60396
3,4,23,0.0,7243.197499
3,5,23,0.0,66596.68704
3,6,23,0.0,12184.17723
3,7,23,0.0,6919.60396
4,5,23,512.7601322,5427.10672
4,6,23,38.07786885,38.07786885
4,7,23,38.07786885,20.04098361
5,6,23,5427.10672,1425.253623
5,7,23,5427.10672,154.1086957
6,7,23,38.07786885,20.04098361
0,1,24,0.0625,0.02914964
0,2,24,5.916666667,0.027988384
0,3,24,0.0625,9.439144737
0,4,24,0.067444877,43.05577173
0,5,24,2.561310782,86407.9105
0,6,24,0.067444877,43.05577173
0,7,24,0.067444877,25.03242542
1,2,24,1.3573927,0.023541849
1,3,24,0.024030386,0.963683528
1,4,24,0.024030386,43.05577173
1,5,24,1.135099961,86407.9105
1,6,24,0.024030386,43.05577173
1,7,24,0.024030386,25.03242542
2,3,24,0.016430035,0.0
2,4,24,0.016430035,7243.197499
2,5,24,0.046783353,30656.57762
2,6,24,0.016430035,8261.803022
2,7,24,0.016430035,6919.60396
3,4,24,0.0,7243.197499
3,5,24,0.0,66596.68704
3,6,24,0.0,12184.17723
3,7,24,0.0,6919.60396
4,5,24,512.7601322,5427.10672
4,6,24,38.07786885,38.07786885
4,7,24,38.07786885,20.04098361
5,6,24,5427.10672,1425.253623
5,7,24,5427.10672,154.1086957
6,7,24,38.07786885,20.04098361
0,1,25,0.0625,0.02914964
0,2,25,5.916666667,0.027988384
0,3,25,0.0625,9.439144737
0,4,25,0.067444877,43.05577173
0,5,25,2.561310782,86407.9105
0,6,25,0.067444877,43.05577173
0,7,25,0.067444877,25.03242542
1,2,25,1.3573927,0.023541849
1,3,25,0.024030386,0.963683528
1,4,25,0.024030386,43.05577173
1,5,25,1.135099961,86407.9105
1,6,25,0.024030386,43.05577173
1,7,25,0.024030386,25.03242542
2,3,25,0.016430035,0.0
2,4,25,0.016430035,7243.197499
2,5,25,0.046783353,30656.57762
2,6,25,0.016430035,8261.803022
2,7,25,0.016430035,6919.60396
3,4,25,0.0,7243.197499
3,5,25,0.0,66596.68704
3,6,25,0.0,12184.17723
3,7,25,0.0,6919.60396
4,5,25,512.7601322,5427.10672
4,6,25,38.07786885,38.07786885
4,7,25,38.07786885,20.04098361
5,6,25,5427.10672,1425.253623
5,7,25,5427.10672,154.1086957
6,7,25,38.07786885,20.04098361
0,1,26,0.0625,0.02914964
0,2,26,5.916666667,0.027988384
0,3,26,0.0625,9.439144737
0,4,26,0.067444877,43.05577173
0,5,26,2.561310782,86407.9105
0,6,26,0.067444877,43.05577173
0,7,26,0.067444877,25.03242542
1,2,26,1.3573927,0.023541849
1,3,26,0.024030386,0.963683528
1,4,26,0.024030386,43.05577173
1,5,26,1.135099961,86407.9105
1,6,26,0.024030386,43.05577173
1,7,26,0.024030386,25.03242542
2,3,26,0.016430035,0.0
2,4,26,0.016430035,7243.197499
2,5,26,0.046783353,30656.57762
2,6,26,0.016430035,8261.803022
2,7,26,0.016430035,6919.60396
3,4,26,0.0,7243.197499
3,5,26,0.0,66596.68704
3,6,26,0.0,12184.17723
3,7,26,0.0,6919.60396
4,5,26,512.7601322,5427.10672
4,6,26,38.07786885,38.07786885
4,7,26,38.07786885,20.04098361
5,6,26,5427.10672,1425.253623
5,7,26,5427.10672,154.1086957
6,7,26,38.07786885,20.04098361
0,1,27,0.0625,0.02914964
0,2,27,5.916666667,0.027988384
0,3,27,0.0625,9.439144737
0,4,27,0.067444877,43.05577173
0,5,27,2.561310782,86407.9105
0,6,27,0.067444877,43.05577173
0,7,27,0.067444877,25.03242542
1,2,27,1.3573927,0.023541849
1,3,27,0.024030386,0.963683528
1,4,27,0.024030386,43.05577173
1,5,27,1.135099961,86407.9105
1,6,27,0.024030386,43.05577173
1,7,27,0.024030386,25.03242542
2,3,27,0.016430035,0.0
2,4,27,0.016430035,7243.197499
2,5,27,0.046783353,30656.57762
2,6,27,0.016430035,8261.803022
2,7,27,0.016430035,6919.60396
3,4,27,0.0,7243.197499
3,5,27,0.0,66596.68704
3,6,27,0.0,12184.17723
3,7,27,0.0,6919.60396
4,5,27,512.7601322,5427.10672
4,6,27,38.07786885,38.07786885
4,7,27,38.07786885,20.04098361
5,6,27,5427.10672,1425.253623
5,7,27,5427.10672,154.1086957
6,7,27,38.07786885,20.04098361
0,1,28,0.0625,0.02914964
0,2,28,5.916666667,0.027988384
0,3,28,0.0625,9.439144737
0,4,28,0.067444877,43.05577173
0,5,28,2.561310782,86407.9105
0,6,28,0.067444877,43.05577173
0,7,28,0.067444877,25.03242542
1,2,28,1.3573927,0.023541849
1,3,28,0.024030386,0.963683528
1,4,28,0.024030386,43.05577173
1,5,28,1.135099961,86407.9105
1,6,28,0.024030386,43.05577173
1,7,28,0.024030386,25.03242542
2,3,28,0.016430035,0.0
2,4,28,0.016430035,7243.197499
2,5,28,0.046783353,30656.57762
2,6,28,0.016430035,8261.803022
2,7,28,0.016430035,6919.60396
3,4,28,0.0,7243.197499
3,5,28,0.0,66596.68704
3,6,28,0.0,12184.17723
3,7,28,0.0,6919.60396
4,5,28,512.7601322,5427.10672
4,6,28,38.07786885,38.07786885
4,7,28,38.07786885,20.04098361
5,6,28,5427.10672,1425.253623
5,7,28,5427.10672,154.1086957
6,7,28,38.07786885,20.04098361
0,1,29,0.0625,0.02914964
0,2,29,5.916666667,0.027988384
0,3,29,0.0625,9.439144737
0,4,29,0.067444877,43.05577173
0,5,29,2.561310782,86407.9105
0,6,29,0.067444877,43.05577173
0,7,29,0.067444877,25.03242542
1,2,29,1.3573927,0.023541849
1,3,29,0.024030386,0.963683528
1,4,29,0.024030386,43.05577173
1,5,29,1.135099961,86407.9105
1,6,29,0.024030386,43.05577173
1,7,29,0.024030386,25.03242542
2,3,29,0.016430035,0.0
2,4,29,0.016430035,7243.197499
2,5,29,0.046783353,30656.57762
2,6,29,0.016430035,8261.803022
2,7,29,0.016430035,6919.60396
3,4,29,0.0,7243.197499
3,5,29,0.0,66596.68704
3,6,29,0.0,12184.17723
3,7,29,0.0,6919.60396
4,5,29,512.7601322,5427.10672
4,6,29,38.07786885,38.07786885
4,7,29,38.07786885,20.04098361
5,6,29,5427.10672,1425.253623
5,7,29,5427.10672,154.1086957
6,7,29,38.07786885,20.04098361
0,1,30,0.0625,0.02914964
0,2,30,5.916666667,0.027988384
0,3,30,0.0625,9.439144737
0,4,30,0.067444877,43.05577173
0,5,30,2.561310782,86407.9105
0,6,30,0.067444877,43.05577173
0,7,30,0.067444877,25.03242542
1,2,30,1.3573927,0.023541849
1,3,30,0.024030386,0.963683528
1,4,30,0.024030386,43.05577173
1,5,30,1.135099961,86407.9105
1,6,30,0.024030386,43.05577173
1,7,30,0.024030386,25.03242542
2,3,30,0.016430035,0.0
2,4,30,0.016430035,7243.197499
2,5,30,0.046783353,30656.57762
2,6,30,0.016430035,8261.803022
2,7,30,0.016430035,6919.60396
3,4,30,0.0,7243.197499
3,5,30,0.0,66596.68704
3,6,30,0.0,12184.17723
3,7,30,0.0,6919.60396
4,5,30,512.7601322,5427.10672
4,6,30,38.07786885,38.07786885
4,7,30,38.07786885,20.04098361
5,6,30,5427.10672,1425.253623
5,7,30,5427.10672,154.1086957
6,7,30,38.07786885,20.04098361
0,1,31,0.0625,0.02914964
0,2,31,5.916666667,0.027988384
0,3,31,0.0625,9.439144737
0,4,31,0.067444877,43.05577173
0,5,31,2.561310782,86407.9105
0,6,31,0.067444877,43.05577173
0,7,31,0.067444877,25.03242542
1,2,31,1.3573927,0.023541849
1,3,31,0.024030386,0.963683528
1,4,31,0.024030386,43.05577173
1,5,31,1.135099961,86407.9105
1,6,31,0.024030386,43.05577173
1,7,31,0.024030386,25.03242542
2,3,31,0.016430035,0.0
2,4,31,0.016430035,7243.197499
2,5,31,0.046783353,30656.57762
2,6,31,0.016430035,8261.803022
2,7,31,0.016430035,6919.60396
3,4,31,0.0,7243.197499
3,5,31,0.0,66596.68704
3,6,31,0.0,12184.17723
3,7,31,0.0,6919.60396
4,5,31,512.7601322,5427.10672
4,6,31,38.07786885,38.07786885
4,7,31,38.07786885,20.04098361
5,6,31,5427.10672,1425.253623
5,7,31,5427.10672,154.1086957
6,7,31,38.07786885,20.04098361
0,1,32,0.0625,0.02914964
0,2,32,5.916666667,0.027988384
0,3,32,0.0625,9.439144737
0,4,32,0.067444877,43.05577173
0,5,32,2.561310782,86407.9105
0,6,32,0.067444877,43.05577173
0,7,32,0.067444877,25.03242542
1,2,32,1.3573927,0.023541849
1,3,32,0.024030386,0.963683528
1,4,32,0.024030386,43.05577173
1,5,32,1.135099961,86407.9105
1,6,32,0.024030386,43.05577173
1,7,32,0.024030386,25.03242542
2,3,32,0.016430035,0.0
2,4,32,0.016430035,7243.197499
2,5,32,0.046783353,30656.57762
2,6,32,0.016430035,8261.803022
2,7,32,0.016430035,6919.60396
3,4,32,0.0,7243.197499
3,5,32,0.0,66596.68704
3,6,32,0.0,12184.17723
3,7,32,0.0,6919.60396
4,5,32,512.7601322,5427.10672
4,6,32,38.07786885,38.07786885
4,7,32,38.07786885,20.04098361
5,6,32,5427.10672,1425.253623
5,7,32,5427.10672,154.1086957
6,7,32,38.07786885,20.04098361
0,1,33,0.0625,0.02914964
0,2,33,5.916666667,0.027988384
0,3,33,0.0625,9.439144737
0,4,33,0.067444877,43.05577173
0,5,33,2.561310782,86407.9105
0,6,33,0.067444877,43.05577173
0,7,33,0.067444877,25.03242542
1,2,33,1.3573927,0.023541849
1,3,33,0.024030386,0.963683528
1,4,33,0.024030386,43.05577173
1,5,33,1.135099961,86407.9105
1,6,33,0.024030386,43.05577173
1,7,33,0.024030386,25.03242542
2,3,33,0.016430035,0.0
2,4,33,0.016430035,7243.197499
2,5,33,0.046783353,30656.57762
2,6,33,0.016430035,8261.803022
2,7,33,0.016430035,6919.60396
3,4,33,0.0,7243.197499
3,5,33,0.0,66596.68704
3,6,33,0.0,12184.17723
3,7,33,0.0,6919.60396
4,5,33,512.7601322,5427.10672
4,6,33,38.07786885,38.07786885
4,7,33,38.07786885,20.04098361
5,6,33,5427.10672,1425.253623
5,7,33,5427.10672,154.1086957
6,7,33,38.07786885,20.04098361
0,1,34,0.0625,0.02914964
0,2,34,5.916666667,0.027988384
0,3,34,0.0625,9.439144737
0,4,34,0.067444877,43.05577173
0,5,34,2.561310782,86407.9105
0,6,34,0.067444877,43.05577173
0,7,34,0.067444877,25.03242542
1,2,34,1.3573927,0.023541849
1,3,34,0.024030386,0.963683528
1,4,34,0.024030386,43.05577173
1,5,34,1.135099961,86407.9105
1,6,34,0.024030386,43.05577173
1,7,34,0.024030386,25.03242542
2,3,34,0.016430035,0.0
2,4,34,0.016430035,7243.197499
2,5,34,0.046783353,30656.57762
2,6,34,0.016430035,8261.803022
2,7,34,0.016430035,6919.60396
3,4,34,0.0,7243.197499
3,5,34,0.0,66596.68704
3,6,34,0.0,12184.17723
3,7,34,0.0,6919.60396
4,5,34,512.7601322,5427.10672
4,6,34,38.07786885,38.07786885
4,7,34,38.07786885,20.04098361
5,6,34,5427.10672,1425.253623
5,7,34,5427.10672,154.1086957
6,7,34,38.07786885,20.04098361
0,1,35,0.0625,0.02914964
0,2,35,5.916666667,0.027988384
0,3,35,0.0625,9.439144737
0,4,35,0.067444877,43.05577173
0,5,35,2.561310782,86407.9105
0,6,35,0.067444877,43.05577173
0,7,35,0.067444877,25.03242542
1,2,35,1.3573927,0.023541849
1,3,35,0.024030386,0.963683528
1,4,35,0.024030386,43.05577173
1,5,35,1.135099961,86407.9105
1,6,35,0.024030386,43.05577173
1,7,35,0.024030386,25.03242542
2,3,35,0.016430035,0.0
2,4,35,0.016430035,7243.197499
2,5,35,0.046783353,30656.57762
2,6,35,0.016430035,8261.803022
2,7,35,0.016430035,6919.60396
3,4,35,0.0,7243.197499
3,5,35,0.0,66596.68704
3,6,35,0.0,12184.17723
3,7,35,0.0,6919.60396
4,5,35,512.7601322,5427.10672
4,6,35,38.07786885,38.07786885
4,7,35,38.07786885,20.04098361
5,6,35,5427.10672,1425.253623
5,7,35,5427.10672,154.1086957
6,7,35,38.07786885,20.04098361
0,1,36,0.0625,0.02914964
0,2,36,5.916666667,0.027988384
0,3,36,0.0625,9.439144737
0,4,36,0.067444877,43.05577173
0,5,36,2.561310782,86407.9105
0,6,36,0.067444877,43.05577173
0,7,36,0.067444877,25.03242542
1,2,36,1.3573927,0.023541849
1,3,36,0.024030386,0.963683528
1,4,36,0.024030386,43.05577173
1,5,36,1.135099961,86407.9105
1,6,36,0.024030386,43.05577173
1,7,36,0.024030386,25.03242542
2,3,36,0.016430035,0.0
2,4,36,0.016430035,7243.197499
2,5,36,0.046783353,30656.57762
2,6,36,0.016430035,8261.803022
2,7,36,0.016430035,6919.60396
3,4,36,0.0,7243.197499
3,5,36,0.0,66596.68704
3,6,36,0.0,12184.17723
3,7,36,0.0,6919.60396
4,5,36,512.7601322,5427.10672
4,6,36,38.07786885,38.07786885
4,7,36,38.07786885,20.04098361
5,6,36,5427.10672,1425.253623
5,7,36,5427.10672,154.1086957
6,7,36,38.07786885,20.04098361
0,1,37,0.0625,0.02914964
0,2,37,5.916666667,0.027988384
0,3,37,0.0625,9.439144737
0,4,37,0.067444877,43.05577173
0,5,37,2.561310782,86407.9105
0,6,37,0.067444877,43.05577173
0,7,37,0.067444877,25.03242542
1,2,37,1.3573927,0.023541849
1,3,37,0.024030386,0.963683528
1,4,37,0.024030386,43.05577173
1,5,37,1.135099961,86407.9105
1,6,37,0.024030386,43.05577173
1,7,37,0.024030386,25.03242542
2,3,37,0.016430035,0.0
2,4,37,0.016430035,7243.197499
2,5,37,0.046783353,30656.57762
2,6,37,0.016430035,8261.803022
2,7,37,0.016430035,6919.60396
3,4,37,0.0,7243.197499
3,5,37,0.0,66596.68704
3,6,37,0.0,12184.17723
3,7,37,0.0,6919.60396
4,5,37,512.7601322,5427.10672
4,6,37,38.07786885,38.07786885
4,7,37,38.07786885,20.04098361
5,6,37,5427.10672,1425.253623
5,7,37,5427.10672,154.1086957
6,7,37,38.07786885,20.04098361
0,1,38,0.0625,0.02914964
0,2,38,5.916666667,0.027988384
0,3,38,0.0625,9.439144737
0,4,38,0.067444877,43.05577173
0,5,38,2.561310782,86407.9105
0,6,38,0.067444877,43.05577173
0,7,38,0.067444877,25.03242542
1,2,38,1.3573927,0.023541849
1,3,38,0.024030386,0.963683528
1,4,38,0.024030386,43.05577173
1,5,38,1.135099961,86407.9105
1,6,38,0.024030386,43.05577173
1,7,38,0.024030386,25.03242542
2,3,38,0.016430035,0.0
2,4,38,0.016430035,7243.197499
2,5,38,0.046783353,30656.57762
2,6,38,0.016430035,8261.803022
2,7,38,0.016430035,6919.60396
3,4,38,0.0,7243.197499
3,5,38,0.0,66596.68704
3,6,38,0.0,12184.17723
3,7,38,0.0,6919.60396
4,5,38,512.7601322,5427.10672
4,6,38,38.07786885,38.07786885
4,7,38,38.07786885,20.04098361
5,6,38,5427.10672,1425.253623
5,7,38,5427.10672,154.1086957
6,7,38,38.07786885,20.04098361
0,1,39,0.0625,0.02914964
0,2,39,5.916666667,0.027988384
0,3,39,0.0625,9.439144737
0,4,39,0.067444877,43.05577173
0,5,39,2.561310782,86407.9105
0,6,39,0.067444877,43.05577173
0,7,39,0.067444877,25.03242542
1,2,39,1.3573927,0.023541849
1,3,39,0.024030386,0.963683528
1,4,39,0.024030386,43.05577173
1,5,39,1.135099961,86407.9105
1,6,39,0.024030386,43.05577173
1,7,39,0.024030386,25.03242542
2,3,39,0.016430035,0.0
2,4,39,0.016430035,7243.197499
2,5,39,0.046783353,30656.57762
2,6,39,0.016430035,8261.803022
2,7,39,0.016430035,6919.60396
3,4,39,0.0,7243.197499
3,5,39,0.0,66596.68704
3,6,39,0.0,12184.17723
3,7,39,0.0,6919.60396
4,5,39,512.7601322,5427.10672
4,6,39,38.07786885,38.07786885
4,7,39,38.07786885,20.04098361
5,6,39,5427.10672,1425.253623
5,7,39,5427.10672,154.1086957
6,7,39,38.07786885,20.04098361
0,1,40,0.0625,0.02914964
0,2,40,5.916666667,0.027988384
0,3,40,0.0625,9.439144737
0,4,40,0.067444877,43.05577173
0,5,40,2.561310782,86407.9105
0,6,40,0.067444877,43.05577173
0,7,40,0.067444877,25.03242542
1,2,40,1.3573927,0.023541849
1,3,40,0.024030386,0.963683528
1,4,40,0.024030386,43.05577173
1,5,40,1.135099961,86407.9105
1,6,40,0.024030386,43.05577173
1,7,40,0.024030386,25.03242542
2,3,40,0.016430035,0.0
2,4,40,0.016430035,7243.197499
2,5,40,0.046783353,30656.57762
2,6,40,0.016430035,8261.803022
2,7,40,0.016430035,6919.60396
3,4,40,0.0,7243.197499
3,5,40,0.0,66596.68704
3,6,40,0.0,12184.17723
3,7,40,0.0,6919.60396
4,5,40,512.7601322,5427.10672
4,6,40,38.07786885,38.07786885
4,7,40,38.07786885,20.04098361
5,6,40,5427.10672,1425.253623
5,7,40,5427.10672,154.1086957
6,7,40,38.07786885,20.04098361
0,1,41,0.0625,0.02914964
0,2,41,5.916666667,0.027988384
0,3,41,0.0625,9.439144737
0,4,41,0.067444877,43.05577173
0,5,41,2.561310782,86407.9105
0,6,41,0.067444877,43.05577173
0,7,41,0.067444877,25.03242542
1,2,41,1.3573927,0.023541849
1,3,41,0.024030386,0.963683528
1,4,41,0.024030386,43.05577173
1,5,41,1.135099961,86407.9105
1,6,41,0.024030386,43.05577173
1,7,41,0.024030386,25.03242542
2,3,41,0.016430035,0.0
2,4,41,0.016430035,7243.197499
2,5,41,0.046783353,30656.57762
2,6,41,0.016430035,8261.803022
2,7,41,0.016430035,6919.60396
3,4,41,0.0,7243.197499
3,5,41,0.0,66596.68704
3,6,41,0.0,12184.17723
3,7,41,0.0,6919.60396
4,5,41,512.7601322,5427.10672
4,6,41,38.07786885,38.07786885
4,7,41,38.07786885,20.04098361
5,6,41,5427.10672,1425.253623
5,7,41,5427.10672,154.1086957
6,7,41,38.07786885,20.04098361
0,1,42,0.0625,0.02914964
0,2,42,5.916666667,0.027988384
0,3,42,0.0625,9.439144737
0,4,42,0.067444877,43.05577173
0,5,42,2.561310782,86407.9105
0,6,42,0.067444877,43.05577173
0,7,42,0.067444877,25.03242542
1,2,42,1.3573927,0.023541849
1,3,42,0.024030386,0.963683528
1,4,42,0.024030386,43.05577173
1,5,42,1.135099961,86407.9105
1,6,42,0.024030386,43.05577173
1,7,42,0.024030386,25.03242542
2,3,42,0.016430035,0.0
2,4,42,0.016430035,7243.197499
2,5,42,0.046783353,30656.57762
2,6,42,0.016430035,8261.803022
2,7,42,0.016430035,6919.60396
3,4,42,0.0,7243.197499
3,5,42,0.0,66596.68704
3,6,42,0.0,12184.17723
3,7,42,0.0,6919.60396
4,5,42,512.7601322,5427.10672
4,6,42,38.07786885,38.07786885
4,7,42,38.07786885,20.04098361
5,6,42,5427.10672,1425.253623
5,7,42,5427.10672,154.1086957
6,7,42,38.07786885,20.04098361
0,1,43,0.0625,0.02914964
0,2,43,5.916666667,0.027988384
0,3,43,0.0625,9.439144737
0,4,43,0.067444877,43.05577173
0,5,43,2.561310782,86407.9105
0,6,43,0.067444877,43.05577173
0,7,43,0.067444877,25.03242542
1,2,43,1.3573927,0.023541849
1,3,43,0.024030386,0.963683528
1,4,43,0.024030386,43.05577173
1,5,43,1.135099961,86407.9105
1,6,43,0.024030386,43.05577173
1,7,43,0.024030386,25.03242542
2,3,43,0.016430035,0.0
2,4,43,0.016430035,7243.197499
2,5,43,0.046783353,30656.57762
2,6,43,0.016430035,8261.803022
2,7,43,0.016430035,6919.60396
3,4,43,0.0,7243.197499
3,5,43,0.0,66596.68704
3,6,43,0.0,12184.17723
3,7,43,0.0,6919.60396
4,5,43,512.7601322,5427.10672
4,6,43,38.07786885,38.07786885
4,7,43,38.07786885,20.04098361
5,6,43,5427.10672,1425.253623
5,7,43,5427.10672,154.1086957
6,7,43,38.07786885,20.04098361
0,1,44,0.0625,0.02914964
0,2,44,5.916666667,0.027988384
0,3,44,0.0625,9.439144737
0,4,44,0.067444877,43.05577173
0,5,44,2.561310782,86407.9105
0,6,44,0.067444877,43.05577173
0,7,44,0.067444877,25.03242542
1,2,44,1.3573927,0.023541849
1,3,44,0.024030386,0.963683528
1,4,44,0.024030386,43.05577173
1,5,44,1.135099961,86407.9105
1,6,44,0.024030386,43.05577173
1,7,44,0.024030386,25.03242542
2,3,44,0.016430035,0.0
2,4,44,0.016430035,7243.197499
2,5,44,0.046783353,30656.57762
2,6,44,0.016430035,8261.803022
2,7,44,0.016430035,6919.60396
3,4,44,0.0,7243.197499
3,5,44,0.0,66596.68704
3,6,44,0.0,12184.17723
3,7,44,0.0,6919.60396
4,5,44,512.7601322,5427.10672
4,6,44,38.07786885,38.07786885
4,7,44,38.07786885,20.04098361
5,6,44,5427.10672,1425.253623
5,7,44,5427.10672,154.1086957
6,7,44,38.07786885,20.04098361
0,1,45,0.0625,0.02914964
0,2,45,5.916666667,0.027988384
0,3,45,0.0625,9.439144737
0,4,45,0.067444877,43.05577173
0,5,45,2.561310782,86407.9105
0,6,45,0.067444877,43.05577173
0,7,45,0.067444877,25.03242542
1,2,45,1.3573927,0.023541849
1,3,45,0.024030386,0.963683528
1,4,45,0.024030386,43.05577173
1,5,45,1.135099961,86407.9105
1,6,45,0.024030386,43.05577173
1,7,45,0.024030386,25.03242542
2,3,45,0.016430035,0.0
2,4,45,0.016430035,7243.197499
2,5,45,0.046783353,30656.57762
2,6,45,0.016430035,8261.803022
2,7,45,0.016430035,6919.60396
3,4,45,0.0,7243.197499
3,5,45,0.0,66596.68704
3,6,45,0.0,12184.17723
3,7,45,0.0,6919.60396
4,5,45,512.7601322,5427.10672
4,6,45,38.07786885,38.07786885
4,7,45,38.07786885,20.04098361
5,6,45,5427.10672,1425.253623
5,7,45,5427.10672,154.1086957
6,7,45,38.07786885,20.04098361
0,1,46,0.0625,0.02914964
0,2,46,5.916666667,0.027988384
0,3,46,0.0625,9.439144737
0,4,46,0.067444877,43.05577173
0,5,46,2.561310782,86407.9105
0,6,46,0.067444877,43.05577173
0,7,46,0.067444877,25.03242542
1,2,46,1.3573927,0.023541849
1,3,46,0.024030386,0.963683528
1,4,46,0.024030386,43.05577173
1,5,46,1.135099961,86407.9105
1,6,46,0.024030386,43.05577173
1,7,46,0.024030386,25.03242542
2,3,46,0.016430035,0.0
2,4,46,0.016430035,7243.197499
2,5,46,0.046783353,30656.57762
2,6,46,0.016430035,8261.803022
2,7,46,0.016430035,6919.60396
3,4,46,0.0,7243.197499
3,5,46,0.0,66596.68704
3,6,46,0.0,12184.17723
3,7,46,0.0,6919.60396
4,5,46,512.7601322,5427.10672
4,6,46,38.07786885,38.07786885
4,7,46,38.07786885,20.04098361
5,6,46,5427.10672,1425.253623
5,7,46,5427.10672,154.1086957
6,7,46,38.07786885,20.04098361
0,1,47,0.0625,0.02914964
0,2,47,5.916666667,0.027988384
0,3,47,0.0625,9.439144737
0,4,47,0.067444877,43.05577173
0,5,47,2.561310782,86407.9105
0,6,47,0.067444877,43.05577173
0,7,47,0.067444877,25.03242542
1,2,47,1.3573927,0.023541849
1,3,47,0.024030386,0.963683528
1,4,47,0.024030386,43.05577173
1,5,47,1.135099961,86407.9105
1,6,47,0.024030386,43.05577173
1,7,47,0.024030386,25.03242542
2,3,47,0.016430035,0.0
2,4,47,0.016430035,7243.197499
2,5,47,0.046783353,30656.57762
2,6,47,0.016430035,8261.803022
2,7,47,0.016430035,6919.60396
3,4,47,0.0,7243.197499
3,5,47,0.0,66596.68704
3,6,47,0.0,12184.17723
3,7,47,0.0,6919.60396
4,5,47,512.7601322,5427.10672
4,6,47,38.07786885,38.07786885
4,7,47,38.07786885,20.04098361
5,6,47,5427.10672,1425.253623
5,7,47,5427.10672,154.1086957
6,7,47,38.07786885,20.04098361
0,1,48,0.0625,0.02914964
0,2,48,5.916666667,0.027988384
0,3,48,0.0625,9.439144737
0,4,48,0.067444877,43.05577173
0,5,48,2.561310782,86407.9105
0,6,48,0.067444877,43.05577173
0,7,48,0.067444877,25.03242542
1,2,48,1.3573927,0.023541849
1,3,48,0.024030386,0.963683528
1,4,48,0.024030386,43.05577173
1,5,48,1.135099961,86407.9105
1,6,48,0.024030386,43.05577173
1,7,48,0.024030386,25.03242542
2,3,48,0.016430035,0.0
2,4,48,0.016430035,7243.197499
2,5,48,0.046783353,30656.57762
2,6,48,0.016430035,8261.803022
2,7,48,0.016430035,6919.60396
3,4,48,0.0,7243.197499
3,5,48,0.0,66596.68704
3,6,48,0.0,12184.17723
3,7,48,0.0,6919.60396
4,5,48,512.7601322,5427.10672
4,6,48,38.07786885,38.07786885
4,7,48,38.07786885,20.04098361
5,6,48,5427.10672,1425.253623
5,7,48,5427.10672,154.1086957
6,7,48,38.07786885,20.04098361
0,1,49,0.0625,0.02914964
0,2,49,5.916666667,0.027988384
0,3,49,0.0625,9.439144737
0,4,49,0.067444877,43.05577173
0,5,49,2.561310782,86407.9105
0,6,49,0.067444877,43.05577173
0,7,49,0.067444877,25.03242542
1,2,49,1.3573927,0.023541849
1,3,49,0.024030386,0.963683528
1,4,49,0.024030386,43.05577173
1,5,49,1.135099961,86407.9105
1,6,49,0.024030386,43.05577173
1,7,49,0.024030386,25.03242542
2,3,49,0.016430035,0.0
2,4,49,0.016430035,7243.197499
2,5,49,0.046783353,30656.57762
2,6,49,0.016430035,8261.803022
2,7,49,0.016430035,6919.60396
3,4,49,0.0,7243.197499
3,5,49,0.0,66596.68704
3,6,49,0.0,12184.17723
3,7,49,0.0,6919.60396
4,5,49,512.7601322,5427.10672
4,6,49,38.07786885,38.07786885
4,7,49,38.07786885,20.04098361
5,6,49,5427.10672,1425.253623
5,7,49,5427.10672,154.1086957
6,7,49,38.07786885,20.04098361
0,1,50,0.0625,0.02914964
0,2,50,5.916666667,0.027988384
0,3,50,0.0625,9.439144737
0,4,50,0.067444877,43.05577173
0,5,50,2.561310782,86407.9105
0,6,50,0.067444877,43.05577173
0,7,50,0.067444877,25.03242542
1,2,50,1.3573927,0.023541849
1,3,50,0.024030386,0.963683528
1,4,50,0.024030386,43.05577173
1,5,50,1.135099961,86407.9105
1,6,50,0.024030386,43.05577173
1,7,50,0.024030386,25.03242542
2,3,50,0.016430035,0.0
2,4,50,0.016430035,7243.197499
2,5,50,0.046783353,30656.57762
2,6,50,0.016430035,8261.803022
2,7,50,0.016430035,6919.60396
3,4,50,0.0,7243.197499
3,5,50,0.0,66596.68704
3,6,50,0.0,12184.17723
3,7,50,0.0,6919.60396
4,5,50,512.7601322,5427.10672
4,6,50,38.07786885,38.07786885
4,7,50,38.07786885,20.04098361
5,6,50,5427.10672,1425.253623
5,7,50,5427.10672,154.1086957
6,7,50,38.07786885,20.04098361
0,1,51,0.0625,0.02914964
0,2,51,5.916666667,0.027988384
0,3,51,0.0625,9.439144737
0,4,51,0.067444877,43.05577173
0,5,51,2.561310782,86407.9105
0,6,51,0.067444877,43.05577173
0,7,51,0.067444877,25.03242542
1,2,51,1.3573927,0.023541849
1,3,51,0.024030386,0.963683528
1,4,51,0.024030386,43.05577173
1,5,51,1.135099961,86407.9105
1,6,51,0.024030386,43.05577173
1,7,51,0.024030386,25.03242542
2,3,51,0.016430035,0.0
2,4,51,0.016430035,7243.197499
2,5,51,0.046783353,30656.57762
2,6,51,0.016430035,8261.803022
2,7,51,0.016430035,6919.60396
3,4,51,0.0,7243.197499
3,5,51,0.0,66596.68704
3,6,51,0.0,12184.17723
3,7,51,0.0,6919.60396
4,5,51,512.7601322,5427.10672
4,6,51,38.07786885,38.07786885
4,7,51,38.07786885,20.04098361
5,6,51,5427.10672,1425.253623
5,7,51,5427.10672,154.1086957
6,7,51,38.07786885,20.04098361
0,1,52,0.0625,0.02914964
0,2,52,5.916666667,0.027988384
0,3,52,0.0625,9.439144737
0,4,52,0.067444877,43.05577173
0,5,52,2.561310782,86407.9105
0,6,52,0.067444877,43.05577173
0,7,52,0.067444877,25.03242542
1,2,52,1.3573927,0.023541849
1,3,52,0.024030386,0.963683528
1,4,52,0.024030386,43.05577173
1,5,52,1.135099961,86407.9105
1,6,52,0.024030386,43.05577173
1,7,52,0.024030386,25.03242542
2,3,52,0.016430035,0.0
2,4,52,0.016430035,7243.197499
2,5,52,0.046783353,30656.57762
2,6,52,0.016430035,8261.803022
2,7,52,0.016430035,6919.60396
3,4,52,0.0,7243.197499
3,5,52,0.0,66596.68704
3,6,52,0.0,12184.17723
3,7,52,0.0,6919.60396
4,5,52,512.7601322,5427.10672
4,6,52,38.07786885,38.07786885
4,7,52,38.07786885,20.04098361
5,6,52,5427.10672,1425.253623
5,7,52,5427.10672,154.1086957
6,7,52,38.07786885,20.04098361
0,1,53,0.0625,0.02914964
0,2,53,5.916666667,0.027988384
0,3,53,0.0625,9.439144737
0,4,53,0.067444877,43.05577173
0,5,53,2.561310782,86407.9105
0,6,53,0.067444877,43.05577173
0,7,53,0.067444877,25.03242542
1,2,53,1.3573927,0.023541849
1,3,53,0.024030386,0.963683528
1,4,53,0.024030386,43.05577173
1,5,53,1.135099961,86407.9105
1,6,53,0.024030386,43.05577173
1,7,53,0.024030386,25.03242542
2,3,53,0.016430035,0.0
2,4,53,0.016430035,7243.197499
2,5,53,0.046783353,30656.57762
2,6,53,0.016430035,8261.803022
2,7,53,0.016430035,6919.60396
3,4,53,0.0,7243.197499
3,5,53,0.0,66596.68704
3,6,53,0.0,12184.17723
3,7,53,0.0,6919.60396
4,5,53,512.7601322,5427.10672
4,6,53,38.07786885,38.07786885
4,7,53,38.07786885,20.04098361
5,6,53,5427.10672,1425.253623
5,7,53,5427.10672,154.1086957
6,7,53,38.07786885,20.04098361
0,1,54,0.0625,0.02914964
0,2,54,5.916666667,0.027988384
0,3,54,0.0625,9.439144737
0,4,54,0.067444877,43.05577173
0,5,54,2.561310782,86407.9105
0,6,54,0.067444877,43.05577173
0,7,54,0.067444877,25.03242542
1,2,54,1.3573927,0.023541849
1,3,54,0.024030386,0.963683528
1,4,54,0.024030386,43.05577173
1,5,54,1.135099961,86407.9105
1,6,54,0.024030386,43.05577173
1,7,54,0.024030386,25.03242542
2,3,54,0.016430035,0.0
2,4,54,0.016430035,7243.197499
2,5,54,0.046783353,30656.57762
2,6,54,0.016430035,8261.803022
2,7,54,0.016430035,6919.60396
3,4,54,0.0,7243.197499
3,5,54,0.0,66596.68704
3,6,54,0.0,12184.17723
3,7,54,0.0,6919.60396
4,5,54,512.7601322,5427.10672
4,6,54,38.07786885,38.07786885
4,7,54,38.07786885,20.04098361
5,6,54,5427.10672,1425.253623
5,7,54,5427.10672,154.1086957
6,7,54,38.07786885,20.04098361
0,1,55,0.0625,0.02914964
0,2,55,5.916666667,0.027988384
0,3,55,0.0625,9.439144737
0,4,55,0.067444877,43.05577173
0,5,55,2.561310782,86407.9105
0,6,55,0.067444877,43.05577173
0,7,55,0.067444877,25.03242542
1,2,55,1.3573927,0.023541849
1,3,55,0.024030386,0.963683528
1,4,55,0.024030386,43.05577173
1,5,55,1.135099961,86407.9105
1,6,55,0.024030386,43.05577173
1,7,55,0.024030386,25.03242542
2,3,55,0.016430035,0.0
2,4,55,0.016430035,7243.197499
2,5,55,0.046783353,30656.57762
2,6,55,0.016430035,8261.803022
2,7,55,0.016430035,6919.60396
3,4,55,0.0,7243.197499
3,5,55,0.0,66596.68704
3,6,55,0.0,12184.17723
3,7,55,0.0,6919.60396
4,5,55,512.7601322,5427.10672
4,6,55,38.07786885,38.07786885
4,7,55,38.07786885,20.04098361
5,6,55,5427.10672,1425.253623
5,7,55,5427.10672,154.1086957
6,7,55,38.07786885,20.04098361
0,1,56,0.0625,0.02914964
0,2,56,5.916666667,0.027988384
0,3,56,0.0625,9.439144737
0,4,56,0.067444877,43.05577173
0,5,56,2.561310782,86407.9105
0,6,56,0.067444877,43.05577173
0,7,56,0.067444877,25.03242542
1,2,56,1.3573927,0.023541849
1,3,56,0.024030386,0.963683528
1,4,56,0.024030386,43.05577173
1,5,56,1.135099961,86407.9105
1,6,56,0.024030386,43.05577173
1,7,56,0.024030386,25.03242542
2,3,56,0.016430035,0.0
2,4,56,0.016430035,7243.197499
2,5,56,0.046783353,30656.57762
2,6,56,0.016430035,8261.803022
2,7,56,0.016430035,6919.60396
3,4,56,0.0,7243.197499
3,5,56,0.0,66596.68704
3,6,56,0.0,12184.17723
3,7,56,0.0,6919.60396
4,5,56,512.7601322,5427.10672
4,6,56,38.07786885,38.07786885
4,7,56,38.07786885,20.04098361
5,6,56,5427.10672,1425.253623
5,7,56,5427.10672,154.1086957
6,7,56,38.07786885,20.04098361
0,0,0,0.0,0.0
0,0,1,0.0,0.0
0,0,2,0.0,0.0
0,0,3,0.0,0.0
0,0,5,0.0,0.0
0,0,6,0.0,0.0
0,0,7,0.0,0.0
0,0,8,0.0,0.0
0,0,9,0.0,0.0
0,0,10,0.0,0.0
0,0,11,0.0,0.0
0,0,12,0.0,0.0
0,0,14,0.0,0.0
0,0,15,0.0,0.0
0,0,16,0.0,0.0
0,0,17,0.0,0.0
0,0,18,0.0,0.0
0,0,19,0.0,0.0
0,0,20,0.0,0.0
0,0,21,0.0,0.0
0,0,22,0.0,0.0
0,0,23,0.0,0.0
0,0,24,0.0,0.0
0,0,25,0.0,0.0
0,0,26,0.0,0.0
0,0,27,0.0,0.0
0,0,28,0.0,0.0
0,0,0,0.0,0.0
0,0,1,0.0,0.0
0,0,2,0.0,0.0
0,0,3,0.0,0.0
0,0,4,0.0,0.0
0,0,5,0.0,0.0
0,0,6,0.0,0.0
0,0,7,0.0,0.0
0,0,8,0.0,0.0
0,0,9,0.0,0.0
0,0,10,0.0,0.0
0,0,11,0.0,0.0
0,0,12,0.0,0.0
0,0,14,0.0,0.0
0,0,15,0.0,0.0
0,0,16,0.0,0.0
0,0,17,0.0,0.0
0,0,18,0.0,0.0
0,0,19,0.0,0.0
0,0,20,0.0,0.0
0,0,21,0.0,0.0
0,0,22,0.0,0.0
0,0,23,0.0,0.0
0,0,24,0.0,0.0
0,0,25,0.0,0.0
0,0,26,0.0,0.0
0,0,27,0.0,0.0
0,0,28,0.0,0.0
0,0,0,0.0,0.0
0,0,1,0.0,0.0
0,0,2,0.0,0.0
0,0,3,0.0,0.0
0,0,4,0.0,0.0
0,0,5,0.0,0.0
0,0,6,0.0,0.0
0,0,7,0.0,0.0
0,0,8,0.0,0.0
0,0,9,0.0,0.0
0,0,10,0.0,0.0
0,0,11,0.0,0.0
0,0,12,0.0,0.0
0,0,13,0.0,0.0
0,0,14,0.0,0.0
0,0,15,0.0,0.0
0,0,16,0.0,0.0
0,0,17,0.0,0.0
0,0,18,0.0,0.0
0,0,19,0.0,0.0
0,0,20,0.0,0.0
0,0,21,0.0,0.0
0,0,22,0.0,0.0
0,0,23,0.0,0.0
0,0,24,0.0,0.0
0,0,25,0.0,0.0
0,0,26,0.0,0.0
0,0,27,0.0,0.0
0,0,28,0.0,0.0
0,0,0,0.0,0.0
0,0,1,0.0,0.0
0,0,2,0.0,0.0
0,0,3,0.0,0.0
0,0,4,0.0,0.0
0,0,5,0.0,0.0
0,0,6,0.0,0.0
0,0,7,0.0,0.0
0,0,8,0.0,0.0
0,0,9,0.0,0.0
0,0,10,0.0,0.0
0,0,11,0.0,0.0
0,0,12,0.0,0.0
0,0,13,0.0,0.0
0,0,14,0.0,0.0
0,0,15,0.0,0.0
0,0,16,0.0,0.0
0,0,17,0.0,0.0
0,0,18,0.0,0.0
0,0,19,0.0,0.0
0,0,20,0.0,0.0
0,0,21,0.0,0.0
0,0,22,0.0,0.0
0,0,23,0.0,0.0
0,0,24,0.0,0.0
0,0,25,0.0,0.0
0,0,26,0.0,0.0
0,0,27,0.0,0.0
0,0,28,0.0,0.0
0,0,0,0.0,0.0
0,0,2,0.0,0.0
0,0,3,0.0,0.0
0,0,4,0.0,0.0
0,0,5,0.0,0.0
0,0,6,0.0,0.0
0,0,7,0.0,0.0
0,0,9,0.0,0.0
0,0,10,0.0,0.0
0,0,11,0.0,0.0
0,0,12,0.0,0.0
0,0,13,0.0,0.0
0,0,14,0.0,0.0
0,0,15,0.0,0.0
0,0,16,0.0,0.0
0,0,17,0.0,0.0
0,0,18,0.0,0.0
0,0,19,0.0,0.0
0,0,20,0.0,0.0
0,0,21,0.0,0.0
0,0,22,0.0,0.0
0,0,23,0.0,0.0
0,0,24,0.0,0.0
0,0,25,0.0,0.0
0,0,26,0.0,0.0
0,0,27,0.0,0.0
0,0,28,0.0,0.0
0,0,0,0.0,0.0
0,0,1,0.0,0.0
0,0,2,0.0,0.0
0,0,3,0.0,0.0
0,0,4,0.0,0.0
0,0,5,0.0,0.0
0,0,6,0.0,0.0
0,0,7,0.0,0.0
0,0,8,0.0,0.0
0,0,9,0.0,0.0
0,0,10,0.0,0.0
0,0,11,0.0,0.0
0,0,12,0.0,0.0
0,0,13,0.0,0.0
0,0,14,0.0,0.0
0,0,15,0.0,0.0
0,0,16,0.0,0.0
0,0,17,0.0,0.0
0,0,18,0.0,0.0
0,0,19,0.0,0.0
0,0,20,0.0,0.0
0,0,21,0.0,0.0
0,0,22,0.0,0.0
0,0,23,0.0,0.0
0,0,24,0.0,0.0
0,0,25,0.0,0.0
0,0,26,0.0,0.0
0,0,27,0.0,0.0
0,0,28,0.0,0.0
0,0,3,0.0,0.0
0,0,6,0.0,0.0
0,0,7,0.0,0.0
0,0,8,0.0,0.0
0,0,14,0.0,0.0
0,0,15,0.0,0.0
0,0,16,0.0,0.0
0,0,17,0.0,0.0
0,0,18,0.0,0.0
0,0,19,0.0,0.0
0,0,20,0.0,0.0
0,0,21,0.0,0.0
0,0,22,0.0,0.0
0,0,27,0.0,0.0
0,0,0,0.0,0.0
0,0,2,0.0,0.0
0,0,3,0.0,0.0
0,0,4,0.0,0.0
0,0,5,0.0,0.0
0,0,6,0.0,0.0
0,0,7,0.0,0.0
0,0,9,0.0,0.0
0,0,10,0.0,0.0
0,0,11,0.0,0.0
0,0,12,0.0,0.0
0,0,13,0.0,0.0
0,0,14,0.0,0.0
0,0,15,0.0,0.0
0,0,16,0.0,0.0
0,0,17,0.0,0.0
0,0,18,0.0,0.0
0,0,19,0.0,0.0
0,0,20,0.0,0.0
0,0,21,0.0,0.0
0,0,22,0.0,0.0
0,0,23,0.0,0.0
0,0,24,0.0,0.0
0,0,25,0.0,0.0
0,0,26,0.0,0.0
0,0,27,0.0,0.0
0,0,28,0.0,0.0
