5,0,1,4,6,7,47.17753276,3.964745819,17013.93923,30390.70949,6178.974113,0
5,0,1,4,6,7,47.17753276,3.964745819,17013.93923,30390.70949,6178.974113,2
5,0,1,4,6,7,47.17753276,3.964745819,17013.93923,30390.70949,6178.974113,3
5,0,1,4,6,7,47.17753276,3.964745819,17013.93923,30390.70949,6178.974113,4
5,0,1,4,6,7,47.17753276,3.964745819,17013.93923,30390.70949,6178.974113,5
5,0,1,4,6,7,47.17753276,3.964745819,17013.93923,30390.70949,6178.974113,6
5,0,1,4,6,7,47.17753276,3.964745819,17013.93923,30390.70949,6178.974113,7
5,0,1,4,6,7,47.17753276,3.964745819,17013.93923,30390.70949,6178.974113,9
5,0,1,4,6,7,47.17753276,3.964745819,17013.93923,30390.70949,6178.974113,11
5,0,1,4,6,7,47.17753276,3.964745819,17013.93923,30390.70949,6178.974113,12
5,0,1,4,6,7,47.17753276,3.964745819,17013.93923,30390.70949,6178.974113,13
5,0,1,4,6,7,47.17753276,3.964745819,17013.93923,30390.70949,6178.974113,17
5,0,1,4,6,7,47.17753276,3.964745819,17013.93923,30390.70949,6178.974113,18
5,0,1,4,6,7,47.17753276,3.964745819,17013.93923,30390.70949,6178.974113,19
5,0,1,4,6,7,47.17753276,3.964745819,17013.93923,30390.70949,6178.974113,20
5,0,1,4,6,7,47.17753276,3.964745819,17013.93923,30390.70949,6178.974113,21
5,0,1,4,6,7,47.17753276,3.964745819,17013.93923,30390.70949,6178.974113,22
5,0,1,4,6,7,47.17753276,3.964745819,17013.93923,30390.70949,6178.974113,23
5,0,1,4,6,7,47.17753276,3.964745819,17013.93923,30390.70949,6178.974113,24
5,0,1,4,6,7,47.17753276,3.964745819,17013.93923,30390.70949,6178.974113,25
5,0,1,4,6,7,47.17753276,3.964745819,17013.93923,30390.70949,6178.974113,26
5,0,1,4,6,7,47.17753276,3.964745819,17013.93923,30390.70949,6178.974113,27
5,0,1,4,6,7,47.17753276,3.964745819,17013.93923,30390.70949,6178.974113,28
5,0,1,4,6,7,47.17753276,3.964745819,17013.93923,30390.70949,6178.974113,29
5,0,1,4,6,7,47.17753276,3.964745819,17013.93923,30390.70949,6178.974113,30
5,0,1,4,6,7,47.17753276,3.964745819,17013.93923,30390.70949,6178.974113,31
5,0,1,4,6,7,47.17753276,3.964745819,17013.93923,30390.70949,6178.974113,32
5,0,1,4,6,7,47.17753276,3.964745819,17013.93923,30390.70949,6178.974113,33
5,0,1,4,6,7,47.17753276,3.964745819,17013.93923,30390.70949,6178.974113,34
5,0,1,4,6,7,47.17753276,3.964745819,17013.93923,30390.70949,6178.974113,35
5,0,1,4,6,7,47.17753276,3.964745819,17013.93923,30390.70949,6178.974113,36
5,0,1,4,6,7,47.17753276,3.964745819,17013.93923,30390.70949,6178.974113,37
5,0,1,4,6,7,47.17753276,3.964745819,17013.93923,30390.70949,6178.974113,38
5,0,1,4,6,7,47.17753276,3.964745819,17013.93923,30390.70949,6178.974113,39
5,0,1,4,6,7,47.17753276,3.964745819,17013.93923,30390.70949,6178.974113,40
5,0,1,4,6,7,47.17753276,3.964745819,17013.93923,30390.70949,6178.974113,41
5,0,1,4,6,7,47.17753276,3.964745819,17013.93923,30390.70949,6178.974113,42
5,0,1,4,6,7,47.17753276,3.964745819,17013.93923,30390.70949,6178.974113,43
5,0,1,4,6,7,47.17753276,3.964745819,17013.93923,30390.70949,6178.974113,44
5,0,1,4,6,7,47.17753276,3.964745819,17013.93923,30390.70949,6178.974113,45
5,0,1,4,6,7,47.17753276,3.964745819,17013.93923,30390.70949,6178.974113,46
5,0,1,4,6,7,47.17753276,3.964745819,17013.93923,30390.70949,6178.974113,47
5,0,1,4,6,7,47.17753276,3.964745819,17013.93923,30390.70949,6178.974113,48
5,0,1,4,6,7,47.17753276,3.964745819,17013.93923,30390.70949,6178.974113,49
5,0,1,4,6,7,47.17753276,3.964745819,17013.93923,30390.70949,6178.974113,50
5,0,1,4,6,7,47.17753276,3.964745819,17013.93923,30390.70949,6178.974113,51
5,0,1,4,6,7,47.17753276,3.964745819,17013.93923,30390.70949,6178.974113,52
5,0,1,4,6,7,47.17753276,3.964745819,17013.93923,30390.70949,6178.974113,53
5,0,1,4,6,7,47.17753276,3.964745819,17013.93923,30390.70949,6178.974113,54
5,0,1,4,6,7,47.17753276,3.964745819,17013.93923,30390.70949,6178.974113,55
5,0,1,4,6,7,47.17753276,3.964745819,17013.93923,30390.70949,6178.974113,56
4,0,4,6,7,47.17753276,17013.93923,30390.70949,6178.974113,0
4,1,4,6,7,3.964745819,17013.93923,30390.70949,6178.974113,0
4,0,4,6,7,47.17753276,17013.93923,30390.70949,6178.974113,2
4,1,4,6,7,3.964745819,17013.93923,30390.70949,6178.974113,2
4,0,4,6,7,47.17753276,17013.93923,30390.70949,6178.974113,3
4,1,4,6,7,3.964745819,17013.93923,30390.70949,6178.974113,3
4,0,4,6,7,47.17753276,17013.93923,30390.70949,6178.974113,4
4,1,4,6,7,3.964745819,17013.93923,30390.70949,6178.974113,4
4,0,4,6,7,47.17753276,17013.93923,30390.70949,6178.974113,5
4,1,4,6,7,3.964745819,17013.93923,30390.70949,6178.974113,5
4,0,4,6,7,47.17753276,17013.93923,30390.70949,6178.974113,6
4,1,4,6,7,3.964745819,17013.93923,30390.70949,6178.974113,6
4,0,4,6,7,47.17753276,17013.93923,30390.70949,6178.974113,7
4,1,4,6,7,3.964745819,17013.93923,30390.70949,6178.974113,7
4,0,4,6,7,47.17753276,17013.93923,30390.70949,6178.974113,9
4,1,4,6,7,3.964745819,17013.93923,30390.70949,6178.974113,9
4,0,4,6,7,47.17753276,17013.93923,30390.70949,6178.974113,11
4,1,4,6,7,3.964745819,17013.93923,30390.70949,6178.974113,11
4,0,4,6,7,47.17753276,17013.93923,30390.70949,6178.974113,12
4,1,4,6,7,3.964745819,17013.93923,30390.70949,6178.974113,12
4,0,4,6,7,47.17753276,17013.93923,30390.70949,6178.974113,13
4,1,4,6,7,3.964745819,17013.93923,30390.70949,6178.974113,13
4,0,4,6,7,47.17753276,17013.93923,30390.70949,6178.974113,17
4,1,4,6,7,3.964745819,17013.93923,30390.70949,6178.974113,17
4,0,4,6,7,47.17753276,17013.93923,30390.70949,6178.974113,18
4,1,4,6,7,3.964745819,17013.93923,30390.70949,6178.974113,18
4,0,4,6,7,47.17753276,17013.93923,30390.70949,6178.974113,19
4,1,4,6,7,3.964745819,17013.93923,30390.70949,6178.974113,19
4,0,4,6,7,47.17753276,17013.93923,30390.70949,6178.974113,20
4,1,4,6,7,3.964745819,17013.93923,30390.70949,6178.974113,20
4,0,4,6,7,47.17753276,17013.93923,30390.70949,6178.974113,21
4,1,4,6,7,3.964745819,17013.93923,30390.70949,6178.974113,21
4,0,4,6,7,47.17753276,17013.93923,30390.70949,6178.974113,22
4,1,4,6,7,3.964745819,17013.93923,30390.70949,6178.974113,22
4,0,4,6,7,47.17753276,17013.93923,30390.70949,6178.974113,23
4,1,4,6,7,3.964745819,17013.93923,30390.70949,6178.974113,23
4,0,4,6,7,47.17753276,17013.93923,30390.70949,6178.974113,24
4,1,4,6,7,3.964745819,17013.93923,30390.70949,6178.974113,24
4,0,4,6,7,47.17753276,17013.93923,30390.70949,6178.974113,25
4,1,4,6,7,3.964745819,17013.93923,30390.70949,6178.974113,25
4,0,4,6,7,47.17753276,17013.93923,30390.70949,6178.974113,26
4,1,4,6,7,3.964745819,17013.93923,30390.70949,6178.974113,26
4,0,4,6,7,47.17753276,17013.93923,30390.70949,6178.974113,27
4,1,4,6,7,3.964745819,17013.93923,30390.70949,6178.974113,27
4,0,4,6,7,47.17753276,17013.93923,30390.70949,6178.974113,28
4,1,4,6,7,3.964745819,17013.93923,30390.70949,6178.974113,28
4,0,4,6,7,47.17753276,17013.93923,30390.70949,6178.974113,29
4,1,4,6,7,3.964745819,17013.93923,30390.70949,6178.974113,29
4,0,4,6,7,47.17753276,17013.93923,30390.70949,6178.974113,30
4,1,4,6,7,3.964745819,17013.93923,30390.70949,6178.974113,30
4,0,4,6,7,47.17753276,17013.93923,30390.70949,6178.974113,31
4,1,4,6,7,3.964745819,17013.93923,30390.70949,6178.974113,31
4,0,4,6,7,47.17753276,17013.93923,30390.70949,6178.974113,32
4,1,4,6,7,3.964745819,17013.93923,30390.70949,6178.974113,32
4,0,4,6,7,47.17753276,17013.93923,30390.70949,6178.974113,33
4,1,4,6,7,3.964745819,17013.93923,30390.70949,6178.974113,33
4,0,4,6,7,47.17753276,17013.93923,30390.70949,6178.974113,34
4,1,4,6,7,3.964745819,17013.93923,30390.70949,6178.974113,34
4,0,4,6,7,47.17753276,17013.93923,30390.70949,6178.974113,35
4,1,4,6,7,3.964745819,17013.93923,30390.70949,6178.974113,35
4,0,4,6,7,47.17753276,17013.93923,30390.70949,6178.974113,36
4,1,4,6,7,3.964745819,17013.93923,30390.70949,6178.974113,36
4,0,4,6,7,47.17753276,17013.93923,30390.70949,6178.974113,37
4,1,4,6,7,3.964745819,17013.93923,30390.70949,6178.974113,37
4,0,4,6,7,47.17753276,17013.93923,30390.70949,6178.974113,38
4,1,4,6,7,3.964745819,17013.93923,30390.70949,6178.974113,38
4,0,4,6,7,47.17753276,17013.93923,30390.70949,6178.974113,39
4,1,4,6,7,3.964745819,17013.93923,30390.70949,6178.974113,39
4,0,4,6,7,47.17753276,17013.93923,30390.70949,6178.974113,40
4,1,4,6,7,3.964745819,17013.93923,30390.70949,6178.974113,40
4,0,4,6,7,47.17753276,17013.93923,30390.70949,6178.974113,41
4,1,4,6,7,3.964745819,17013.93923,30390.70949,6178.974113,41
4,0,4,6,7,47.17753276,17013.93923,30390.70949,6178.974113,42
4,1,4,6,7,3.964745819,17013.93923,30390.70949,6178.974113,42
4,0,4,6,7,47.17753276,17013.93923,30390.70949,6178.974113,43
4,1,4,6,7,3.964745819,17013.93923,30390.70949,6178.974113,43
4,0,4,6,7,47.17753276,17013.93923,30390.70949,6178.974113,44
4,1,4,6,7,3.964745819,17013.93923,30390.70949,6178.974113,44
4,0,4,6,7,47.17753276,17013.93923,30390.70949,6178.974113,45
4,1,4,6,7,3.964745819,17013.93923,30390.70949,6178.974113,45
4,0,4,6,7,47.17753276,17013.93923,30390.70949,6178.974113,46
4,1,4,6,7,3.964745819,17013.93923,30390.70949,6178.974113,46
4,0,4,6,7,47.17753276,17013.93923,30390.70949,6178.974113,47
4,1,4,6,7,3.964745819,17013.93923,30390.70949,6178.974113,47
4,0,4,6,7,47.17753276,17013.93923,30390.70949,6178.974113,48
4,1,4,6,7,3.964745819,17013.93923,30390.70949,6178.974113,48
4,0,4,6,7,47.17753276,17013.93923,30390.70949,6178.974113,49
4,1,4,6,7,3.964745819,17013.93923,30390.70949,6178.974113,49
4,0,4,6,7,47.17753276,17013.93923,30390.70949,6178.974113,50
4,1,4,6,7,3.964745819,17013.93923,30390.70949,6178.974113,50
4,0,4,6,7,47.17753276,17013.93923,30390.70949,6178.974113,51
4,1,4,6,7,3.964745819,17013.93923,30390.70949,6178.974113,51
4,0,4,6,7,47.17753276,17013.93923,30390.70949,6178.974113,52
4,1,4,6,7,3.964745819,17013.93923,30390.70949,6178.974113,52
4,0,4,6,7,47.17753276,17013.93923,30390.70949,6178.974113,53
4,1,4,6,7,3.964745819,17013.93923,30390.70949,6178.974113,53
4,0,4,6,7,47.17753276,17013.93923,30390.70949,6178.974113,54
4,1,4,6,7,3.964745819,17013.93923,30390.70949,6178.974113,54
4,0,4,6,7,47.17753276,17013.93923,30390.70949,6178.974113,55
4,1,4,6,7,3.964745819,17013.93923,30390.70949,6178.974113,55
4,0,4,6,7,47.17753276,17013.93923,30390.70949,6178.974113,56
4,1,4,6,7,3.964745819,17013.93923,30390.70949,6178.974113,56
3,4,6,7,17013.93923,30390.70949,6178.974113,0
3,4,6,7,17013.93923,30390.70949,6178.974113,2
3,4,6,7,17013.93923,30390.70949,6178.974113,3
3,4,6,7,17013.93923,30390.70949,6178.974113,4
3,4,6,7,17013.93923,30390.70949,6178.974113,5
3,4,6,7,17013.93923,30390.70949,6178.974113,6
3,4,6,7,17013.93923,30390.70949,6178.974113,7
3,4,6,7,17013.93923,30390.70949,6178.974113,9
3,4,6,7,17013.93923,30390.70949,6178.974113,11
3,4,6,7,17013.93923,30390.70949,6178.974113,12
3,4,6,7,17013.93923,30390.70949,6178.974113,13
3,4,6,7,17013.93923,30390.70949,6178.974113,17
3,4,6,7,17013.93923,30390.70949,6178.974113,18
3,4,6,7,17013.93923,30390.70949,6178.974113,19
3,4,6,7,17013.93923,30390.70949,6178.974113,20
3,4,6,7,17013.93923,30390.70949,6178.974113,21
3,4,6,7,17013.93923,30390.70949,6178.974113,22
3,4,6,7,17013.93923,30390.70949,6178.974113,23
3,4,6,7,17013.93923,30390.70949,6178.974113,24
3,4,6,7,17013.93923,30390.70949,6178.974113,25
3,4,6,7,17013.93923,30390.70949,6178.974113,26
3,4,6,7,17013.93923,30390.70949,6178.974113,27
3,4,6,7,17013.93923,30390.70949,6178.974113,28
3,4,6,7,17013.93923,30390.70949,6178.974113,29
3,4,6,7,17013.93923,30390.70949,6178.974113,30
3,4,6,7,17013.93923,30390.70949,6178.974113,31
3,4,6,7,17013.93923,30390.70949,6178.974113,32
3,4,6,7,17013.93923,30390.70949,6178.974113,33
3,4,6,7,17013.93923,30390.70949,6178.974113,34
3,4,6,7,17013.93923,30390.70949,6178.974113,35
3,4,6,7,17013.93923,30390.70949,6178.974113,36
3,4,6,7,17013.93923,30390.70949,6178.974113,37
3,4,6,7,17013.93923,30390.70949,6178.974113,38
3,4,6,7,17013.93923,30390.70949,6178.974113,39
3,4,6,7,17013.93923,30390.70949,6178.974113,40
3,4,6,7,17013.93923,30390.70949,6178.974113,41
3,4,6,7,17013.93923,30390.70949,6178.974113,42
3,4,6,7,17013.93923,30390.70949,6178.974113,43
3,4,6,7,17013.93923,30390.70949,6178.974113,44
3,4,6,7,17013.93923,30390.70949,6178.974113,45
3,4,6,7,17013.93923,30390.70949,6178.974113,46
3,4,6,7,17013.93923,30390.70949,6178.974113,47
3,4,6,7,17013.93923,30390.70949,6178.974113,48
3,4,6,7,17013.93923,30390.70949,6178.974113,49
3,4,6,7,17013.93923,30390.70949,6178.974113,50
3,4,6,7,17013.93923,30390.70949,6178.974113,51
3,4,6,7,17013.93923,30390.70949,6178.974113,52
3,4,6,7,17013.93923,30390.70949,6178.974113,53
3,4,6,7,17013.93923,30390.70949,6178.974113,54
3,4,6,7,17013.93923,30390.70949,6178.974113,55
3,4,6,7,17013.93923,30390.70949,6178.974113,56
2,0,1,0.0625,0.02914964,0
2,0,2,5.916666667,0.027988384,0
2,0,3,0.067444877,0.963683528,0
2,0,4,0.096311475,38.07786885,0
2,0,5,3.4296875,42269.14063,0
2,0,6,0.096311475,38.07786885,0
2,0,7,0.096311475,20.04098361,0
2,1,2,1.3573927,0.023541849,0
2,1,3,1.049904815,0.06122449,0
2,1,4,0.037695487,38.07786885,0
2,1,5,1.494917819,42269.14063,0
2,1,6,0.037695487,38.07786885,0
2,1,7,0.037695487,20.04098361,0
2,2,4,0.026009007,1113.324225,0
2,2,5,0.056917502,11673.55951,0
2,2,6,0.027330375,671.3297101,0
2,2,7,0.027330375,113.8188406,0
2,3,5,0.406808036,30650.09082,0
2,4,5,512.7601322,5427.10672,0
2,4,6,38.07786885,38.07786885,0
2,4,7,38.07786885,20.04098361,0
2,5,6,5427.10672,1425.253623,0
2,5,7,5427.10672,154.1086957,0
2,6,7,38.07786885,20.04098361,0
2,0,1,0.0625,0.02914964,1
2,0,2,5.931995831,0.016430035,1
2,0,3,0.067444877,0.963683528,1
2,0,4,0.067444877,43.05577173,1
2,0,5,3.4296875,42269.14063,1
2,0,6,0.067444877,43.05577173,1
2,0,7,0.067444877,25.03242542,1
2,1,2,1.561592992,0.016430035,1
2,1,3,0.024030386,0.963683528,1
2,1,4,0.024030386,43.05577173,1
2,1,5,1.494917819,42269.14063,1
2,1,6,0.024030386,43.05577173,1
2,1,7,0.024030386,25.03242542,1
2,2,4,0.027330375,294.7910877,1
2,2,5,0.056917502,11673.55951,1
2,2,6,0.027330375,671.3297101,1
2,2,7,0.027330375,113.8188406,1
2,3,5,0.406808036,30650.09082,1
2,4,5,512.7601322,5427.10672,1
2,4,6,38.07786885,38.07786885,1
2,4,7,38.07786885,20.04098361,1
2,5,6,5427.10672,1425.253623,1
2,5,7,5427.10672,154.1086957,1
2,6,7,38.07786885,20.04098361,1
2,0,1,0.0625,0.02914964,2
2,0,2,5.931995831,0.016430035,2
2,0,3,0.067444877,0.963683528,2
2,0,4,0.067444877,43.05577173,2
2,0,5,3.4296875,42269.14063,2
2,0,6,0.067444877,43.05577173,2
2,0,7,0.067444877,25.03242542,2
2,1,2,1.561592992,0.016430035,2
2,1,3,0.024030386,0.963683528,2
2,1,4,0.024030386,43.05577173,2
2,1,5,1.494917819,42269.14063,2
2,1,6,0.024030386,43.05577173,2
2,1,7,0.024030386,25.03242542,2
2,2,4,0.027330375,294.7910877,2
2,2,5,0.056917502,11673.55951,2
2,2,6,0.027330375,671.3297101,2
2,2,7,0.027330375,113.8188406,2
2,3,5,0.406808036,30650.09082,2
2,4,5,512.7601322,5427.10672,2
2,4,6,38.07786885,38.07786885,2
2,4,7,38.07786885,20.04098361,2
2,5,6,5427.10672,1425.253623,2
2,5,7,5427.10672,154.1086957,2
2,6,7,38.07786885,20.04098361,2
2,0,1,0.0625,0.02914964,3
2,0,2,5.916666667,0.027988384,3
2,0,3,0.067444877,0.963683528,3
2,0,4,0.067444877,43.05577173,3
2,0,5,3.4296875,42269.14063,3
2,0,6,0.067444877,43.05577173,3
2,0,7,0.067444877,25.03242542,3
2,1,2,1.3573927,0.023541849,3
2,1,3,0.024030386,0.963683528,3
2,1,4,0.024030386,43.05577173,3
2,1,5,1.494917819,42269.14063,3
2,1,6,0.024030386,43.05577173,3
2,1,7,0.024030386,25.03242542,3
2,2,4,0.027330375,294.7910877,3
2,2,5,0.056917502,11673.55951,3
2,2,6,0.027330375,671.3297101,3
2,2,7,0.027330375,113.8188406,3
2,3,5,0.406808036,30650.09082,3
2,4,5,512.7601322,5427.10672,3
2,4,6,38.07786885,38.07786885,3
2,4,7,38.07786885,20.04098361,3
2,5,6,5427.10672,1425.253623,3
2,5,7,5427.10672,154.1086957,3
2,6,7,38.07786885,20.04098361,3
2,0,1,0.0625,0.02914964,4
2,0,2,5.931995831,0.016430035,4
2,0,3,0.067444877,0.963683528,4
2,0,4,0.067444877,43.05577173,4
2,0,5,3.4296875,42269.14063,4
2,0,6,0.067444877,43.05577173,4
2,0,7,0.067444877,25.03242542,4
2,1,2,1.561592992,0.016430035,4
2,1,3,0.024030386,0.963683528,4
2,1,4,0.024030386,43.05577173,4
2,1,5,1.494917819,42269.14063,4
2,1,6,0.024030386,43.05577173,4
2,1,7,0.024030386,25.03242542,4
2,2,4,0.027330375,294.7910877,4
2,2,5,0.056917502,11673.55951,4
2,2,6,0.027330375,671.3297101,4
2,2,7,0.027330375,113.8188406,4
2,4,5,512.7601322,5427.10672,4
2,4,6,38.07786885,38.07786885,4
2,4,7,38.07786885,20.04098361,4
2,5,6,5427.10672,1425.253623,4
2,5,7,5427.10672,154.1086957,4
2,6,7,38.07786885,20.04098361,4
2,0,1,0.0625,0.02914964,5
2,0,2,5.931995831,0.016430035,5
2,0,3,0.067444877,0.963683528,5
2,0,4,0.067444877,43.05577173,5
2,0,5,3.4296875,42269.14063,5
2,0,6,0.067444877,43.05577173,5
2,0,7,0.067444877,25.03242542,5
2,1,2,1.561592992,0.016430035,5
2,1,3,0.024030386,0.963683528,5
2,1,4,0.024030386,43.05577173,5
2,1,5,1.494917819,42269.14063,5
2,1,6,0.024030386,43.05577173,5
2,1,7,0.024030386,25.03242542,5
2,2,4,0.027330375,294.7910877,5
2,2,5,0.056917502,11673.55951,5
2,2,6,0.027330375,671.3297101,5
2,2,7,0.027330375,113.8188406,5
2,3,5,0.406808036,30650.09082,5
2,4,5,512.7601322,5427.10672,5
2,4,6,38.07786885,38.07786885,5
2,4,7,38.07786885,20.04098361,5
2,5,6,5427.10672,1425.253623,5
2,5,7,5427.10672,154.1086957,5
2,6,7,38.07786885,20.04098361,5
2,0,1,0.0625,0.02914964,6
2,0,2,5.931995831,0.016430035,6
2,0,3,0.067444877,0.963683528,6
2,0,4,0.067444877,43.05577173,6
2,0,5,3.4296875,42269.14063,6
2,0,6,0.067444877,43.05577173,6
2,0,7,0.067444877,25.03242542,6
2,1,2,1.561592992,0.016430035,6
2,1,3,0.024030386,0.963683528,6
2,1,4,0.024030386,43.05577173,6
2,1,5,1.494917819,42269.14063,6
2,1,6,0.024030386,43.05577173,6
2,1,7,0.024030386,25.03242542,6
2,2,4,0.027330375,294.7910877,6
2,2,5,0.056917502,11673.55951,6
2,2,6,0.027330375,671.3297101,6
2,2,7,0.027330375,113.8188406,6
2,3,5,0.406808036,30650.09082,6
2,4,5,512.7601322,5427.10672,6
2,4,6,38.07786885,38.07786885,6
2,4,7,38.07786885,20.04098361,6
2,5,6,5427.10672,1425.253623,6
2,5,7,5427.10672,154.1086957,6
2,6,7,38.07786885,20.04098361,6
2,0,1,0.0625,0.02914964,7
2,0,2,5.931995831,0.016430035,7
2,0,3,0.067444877,0.963683528,7
2,0,4,0.067444877,43.05577173,7
2,0,5,3.4296875,42269.14063,7
2,0,6,0.067444877,43.05577173,7
2,0,7,0.067444877,25.03242542,7
2,1,2,1.561592992,0.016430035,7
2,1,3,0.024030386,0.963683528,7
2,1,4,0.024030386,43.05577173,7
2,1,5,1.494917819,42269.14063,7
2,1,6,0.024030386,43.05577173,7
2,1,7,0.024030386,25.03242542,7
2,2,4,0.027330375,294.7910877,7
2,2,5,0.056917502,11673.55951,7
2,2,6,0.027330375,671.3297101,7
2,2,7,0.027330375,113.8188406,7
2,3,5,0.406808036,30650.09082,7
2,4,5,512.7601322,5427.10672,7
2,4,6,38.07786885,38.07786885,7
2,4,7,38.07786885,20.04098361,7
2,5,6,5427.10672,1425.253623,7
2,5,7,5427.10672,154.1086957,7
2,6,7,38.07786885,20.04098361,7
2,0,1,0.0625,0.02914964,8
2,0,2,5.916666667,0.027988384,8
2,0,3,0.067444877,0.963683528,8
2,0,4,0.067444877,43.05577173,8
2,0,5,3.4296875,42269.14063,8
2,0,6,0.067444877,43.05577173,8
2,0,7,0.067444877,25.03242542,8
2,1,2,1.3573927,0.023541849,8
2,1,3,0.024030386,0.963683528,8
2,1,4,0.024030386,43.05577173,8
2,1,5,1.494917819,42269.14063,8
2,1,6,0.024030386,43.05577173,8
2,1,7,0.024030386,25.03242542,8
2,2,4,0.027330375,294.7910877,8
2,2,5,0.056917502,11673.55951,8
2,2,6,0.027330375,671.3297101,8
2,2,7,0.027330375,113.8188406,8
2,3,5,0.406808036,30650.09082,8
2,4,5,512.7601322,5427.10672,8
2,4,6,38.07786885,38.07786885,8
2,4,7,38.07786885,20.04098361,8
2,5,6,5427.10672,1425.253623,8
2,5,7,5427.10672,154.1086957,8
2,6,7,38.07786885,20.04098361,8
2,0,1,0.0625,0.02914964,9
2,0,2,5.931995831,0.016430035,9
2,0,3,0.067444877,0.963683528,9
2,0,4,0.067444877,43.05577173,9
2,0,5,3.4296875,42269.14063,9
2,0,6,0.067444877,43.05577173,9
2,0,7,0.067444877,25.03242542,9
2,1,2,1.561592992,0.016430035,9
2,1,3,0.024030386,0.963683528,9
2,1,4,0.024030386,43.05577173,9
2,1,5,1.494917819,42269.14063,9
2,1,6,0.024030386,43.05577173,9
2,1,7,0.024030386,25.03242542,9
2,2,4,0.027330375,294.7910877,9
2,2,5,0.056917502,11673.55951,9
2,2,6,0.027330375,671.3297101,9
2,2,7,0.027330375,113.8188406,9
2,3,5,0.406808036,30650.09082,9
2,4,5,512.7601322,5427.10672,9
2,4,6,38.07786885,38.07786885,9
2,4,7,38.07786885,20.04098361,9
2,5,6,5427.10672,1425.253623,9
2,5,7,5427.10672,154.1086957,9
2,6,7,38.07786885,20.04098361,9
2,0,1,0.0625,0.02914964,10
2,0,2,5.931995831,0.016430035,10
2,0,3,0.067444877,0.963683528,10
2,0,4,0.067444877,43.05577173,10
2,0,5,3.4296875,42269.14063,10
2,0,6,0.067444877,43.05577173,10
2,0,7,0.067444877,25.03242542,10
2,1,2,1.561592992,0.016430035,10
2,1,3,0.024030386,0.963683528,10
2,1,4,0.024030386,43.05577173,10
2,1,5,1.494917819,42269.14063,10
2,1,6,0.024030386,43.05577173,10
2,1,7,0.024030386,25.03242542,10
2,2,4,0.027330375,294.7910877,10
2,2,5,0.056917502,11673.55951,10
2,2,6,0.027330375,671.3297101,10
2,2,7,0.027330375,113.8188406,10
2,4,5,512.7601322,5427.10672,10
2,4,6,38.07786885,38.07786885,10
2,4,7,38.07786885,20.04098361,10
2,5,6,5427.10672,1425.253623,10
2,5,7,5427.10672,154.1086957,10
2,6,7,38.07786885,20.04098361,10
2,0,1,0.0625,0.02914964,11
2,0,2,5.931995831,0.016430035,11
2,0,3,0.067444877,0.963683528,11
2,0,4,0.067444877,43.05577173,11
2,0,5,3.4296875,42269.14063,11
2,0,6,0.067444877,43.05577173,11
2,0,7,0.067444877,25.03242542,11
2,1,2,1.561592992,0.016430035,11
2,1,3,0.024030386,0.963683528,11
2,1,4,0.024030386,43.05577173,11
2,1,5,1.494917819,42269.14063,11
2,1,6,0.024030386,43.05577173,11
2,1,7,0.024030386,25.03242542,11
2,2,4,0.027330375,294.7910877,11
2,2,5,0.056917502,11673.55951,11
2,2,6,0.027330375,671.3297101,11
2,2,7,0.027330375,113.8188406,11
2,3,5,0.406808036,30650.09082,11
2,4,5,512.7601322,5427.10672,11
2,4,6,38.07786885,38.07786885,11
2,4,7,38.07786885,20.04098361,11
2,5,6,5427.10672,1425.253623,11
2,5,7,5427.10672,154.1086957,11
2,6,7,38.07786885,20.04098361,11
2,0,1,0.0625,0.02914964,12
2,0,2,5.931995831,0.016430035,12
2,0,3,0.067444877,0.963683528,12
2,0,4,0.067444877,43.05577173,12
2,0,5,3.4296875,42269.14063,12
2,0,6,0.067444877,43.05577173,12
2,0,7,0.067444877,25.03242542,12
2,1,2,1.561592992,0.016430035,12
2,1,3,0.024030386,0.963683528,12
2,1,4,0.024030386,43.05577173,12
2,1,5,1.494917819,42269.14063,12
2,1,6,0.024030386,43.05577173,12
2,1,7,0.024030386,25.03242542,12
2,2,4,0.027330375,294.7910877,12
2,2,5,0.056917502,11673.55951,12
2,2,6,0.027330375,671.3297101,12
2,2,7,0.027330375,113.8188406,12
2,3,5,0.406808036,30650.09082,12
2,4,5,512.7601322,5427.10672,12
2,4,6,38.07786885,38.07786885,12
2,4,7,38.07786885,20.04098361,12
2,5,6,5427.10672,1425.253623,12
2,5,7,5427.10672,154.1086957,12
2,6,7,38.07786885,20.04098361,12
2,0,1,0.0625,0.02914964,13
2,0,2,5.931995831,0.016430035,13
2,0,3,0.067444877,0.963683528,13
2,0,4,0.067444877,43.05577173,13
2,0,5,3.4296875,42269.14063,13
2,0,6,0.067444877,43.05577173,13
2,0,7,0.067444877,25.03242542,13
2,1,2,1.561592992,0.016430035,13
2,1,3,0.024030386,0.963683528,13
2,1,4,0.024030386,43.05577173,13
2,1,5,1.494917819,42269.14063,13
2,1,6,0.024030386,43.05577173,13
2,1,7,0.024030386,25.03242542,13
2,2,4,0.027330375,294.7910877,13
2,2,5,0.046783353,30656.57762,13
2,2,6,0.027330375,671.3297101,13
2,2,7,0.027330375,113.8188406,13
2,4,5,512.7601322,5427.10672,13
2,4,6,38.07786885,38.07786885,13
2,4,7,38.07786885,20.04098361,13
2,5,6,5427.10672,1425.253623,13
2,5,7,5427.10672,154.1086957,13
2,6,7,38.07786885,20.04098361,13
2,0,1,0.0625,0.02914964,14
2,0,2,5.931995831,0.016430035,14
2,0,3,0.067444877,0.963683528,14
2,0,4,0.067444877,43.05577173,14
2,0,5,2.561310782,86407.9105,14
2,0,6,0.067444877,43.05577173,14
2,0,7,0.067444877,25.03242542,14
2,1,2,1.3573927,0.023541849,14
2,1,3,0.024030386,0.963683528,14
2,1,4,0.024030386,43.05577173,14
2,1,5,1.135099961,86407.9105,14
2,1,6,0.024030386,43.05577173,14
2,1,7,0.024030386,25.03242542,14
2,2,4,0.027330375,294.7910877,14
2,2,5,0.056917502,11673.55951,14
2,2,6,0.027330375,671.3297101,14
2,2,7,0.027330375,113.8188406,14
2,4,5,512.7601322,5427.10672,14
2,4,6,38.07786885,38.07786885,14
2,4,7,38.07786885,20.04098361,14
2,5,6,5427.10672,1425.253623,14
2,5,7,5427.10672,154.1086957,14
2,6,7,38.07786885,20.04098361,14
2,0,1,0.0625,0.02914964,15
2,0,2,5.931995831,0.016430035,15
2,0,3,0.067444877,0.963683528,15
2,0,4,0.067444877,43.05577173,15
2,0,5,2.561310782,86407.9105,15
2,0,6,0.067444877,43.05577173,15
2,0,7,0.067444877,25.03242542,15
2,1,2,1.3573927,0.023541849,15
2,1,3,0.024030386,0.963683528,15
2,1,4,0.024030386,43.05577173,15
2,1,5,1.135099961,86407.9105,15
2,1,6,0.024030386,43.05577173,15
2,1,7,0.024030386,25.03242542,15
2,2,4,0.027330375,294.7910877,15
2,2,5,0.056917502,11673.55951,15
2,2,6,0.027330375,671.3297101,15
2,2,7,0.027330375,113.8188406,15
2,4,5,512.7601322,5427.10672,15
2,4,6,38.07786885,38.07786885,15
2,4,7,38.07786885,20.04098361,15
2,5,6,5427.10672,1425.253623,15
2,5,7,5427.10672,154.1086957,15
2,6,7,38.07786885,20.04098361,15
2,0,1,0.0625,0.02914964,16
2,0,2,5.931995831,0.016430035,16
2,0,3,0.067444877,0.963683528,16
2,0,4,0.067444877,43.05577173,16
2,0,5,2.561310782,86407.9105,16
2,0,6,0.067444877,43.05577173,16
2,0,7,0.067444877,25.03242542,16
2,1,2,1.561592992,0.016430035,16
2,1,3,0.024030386,0.963683528,16
2,1,4,0.024030386,43.05577173,16
2,1,5,1.135099961,86407.9105,16
2,1,6,0.024030386,43.05577173,16
2,1,7,0.024030386,25.03242542,16
2,2,4,0.027330375,294.7910877,16
2,2,5,0.056917502,11673.55951,16
2,2,6,0.027330375,671.3297101,16
2,2,7,0.027330375,113.8188406,16
2,4,5,512.7601322,5427.10672,16
2,4,6,38.07786885,38.07786885,16
2,4,7,38.07786885,20.04098361,16
2,5,6,5427.10672,1425.253623,16
2,5,7,5427.10672,154.1086957,16
2,6,7,38.07786885,20.04098361,16
2,0,1,0.0625,0.02914964,17
2,0,2,5.931995831,0.016430035,17
2,0,3,3.125314861,0.011335013,17
2,0,4,0.096311475,38.07786885,17
2,0,5,3.4296875,42269.14063,17
2,0,6,0.096311475,38.07786885,17
2,0,7,0.096311475,20.04098361,17
2,1,2,1.561592992,0.016430035,17
2,1,3,1.049904815,0.06122449,17
2,1,4,0.037695487,38.07786885,17
2,1,5,1.494917819,42269.14063,17
2,1,6,0.037695487,38.07786885,17
2,1,7,0.037695487,20.04098361,17
2,2,4,0.026009007,1113.324225,17
2,2,5,0.056917502,11673.55951,17
2,2,6,0.026009007,1354.870324,17
2,2,7,0.027330375,113.8188406,17
2,4,5,512.7601322,5427.10672,17
2,4,6,38.07786885,38.07786885,17
2,4,7,38.07786885,20.04098361,17
2,5,6,5427.10672,1425.253623,17
2,5,7,5427.10672,154.1086957,17
2,6,7,38.07786885,20.04098361,17
2,0,1,0.0625,0.02914964,18
2,0,2,5.931995831,0.016430035,18
2,0,3,3.125314861,0.011335013,18
2,0,4,0.096311475,38.07786885,18
2,0,5,3.4296875,42269.14063,18
2,0,6,0.096311475,38.07786885,18
2,0,7,0.096311475,20.04098361,18
2,1,2,1.561592992,0.016430035,18
2,1,3,1.049904815,0.06122449,18
2,1,4,0.037695487,38.07786885,18
2,1,5,1.494917819,42269.14063,18
2,1,6,0.037695487,38.07786885,18
2,1,7,0.037695487,20.04098361,18
2,2,4,0.026009007,1113.324225,18
2,2,5,0.056917502,11673.55951,18
2,2,6,0.026009007,1354.870324,18
2,2,7,0.027330375,113.8188406,18
2,4,5,512.7601322,5427.10672,18
2,4,6,38.07786885,38.07786885,18
2,4,7,38.07786885,20.04098361,18
2,5,6,5427.10672,1425.253623,18
2,5,7,5427.10672,154.1086957,18
2,6,7,38.07786885,20.04098361,18
2,0,1,0.0625,0.02914964,19
2,0,2,5.931995831,0.016430035,19
2,0,3,3.125314861,0.011335013,19
2,0,4,0.096311475,38.07786885,19
2,0,5,3.4296875,42269.14063,19
2,0,6,0.096311475,38.07786885,19
2,0,7,0.096311475,20.04098361,19
2,1,2,1.561592992,0.016430035,19
2,1,3,1.049904815,0.06122449,19
2,1,4,0.037695487,38.07786885,19
2,1,5,1.494917819,42269.14063,19
2,1,6,0.037695487,38.07786885,19
2,1,7,0.037695487,20.04098361,19
2,2,4,0.026009007,1113.324225,19
2,2,5,0.056917502,11673.55951,19
2,2,6,0.026009007,1354.870324,19
2,2,7,0.027330375,113.8188406,19
2,4,5,512.7601322,5427.10672,19
2,4,6,38.07786885,38.07786885,19
2,4,7,38.07786885,20.04098361,19
2,5,6,5427.10672,1425.253623,19
2,5,7,5427.10672,154.1086957,19
2,6,7,38.07786885,20.04098361,19
2,0,1,0.0625,0.02914964,20
2,0,2,5.931995831,0.016430035,20
2,0,3,3.125314861,0.011335013,20
2,0,4,0.096311475,38.07786885,20
2,0,5,3.4296875,42269.14063,20
2,0,6,0.096311475,38.07786885,20
2,0,7,0.096311475,20.04098361,20
2,1,2,1.561592992,0.016430035,20
2,1,3,1.049904815,0.06122449,20
2,1,4,0.037695487,38.07786885,20
2,1,5,1.494917819,42269.14063,20
2,1,6,0.037695487,38.07786885,20
2,1,7,0.037695487,20.04098361,20
2,2,4,0.026009007,1113.324225,20
2,2,5,0.056917502,11673.55951,20
2,2,6,0.026009007,1354.870324,20
2,2,7,0.027330375,113.8188406,20
2,4,5,512.7601322,5427.10672,20
2,4,6,38.07786885,38.07786885,20
2,4,7,38.07786885,20.04098361,20
2,5,6,5427.10672,1425.253623,20
2,5,7,5427.10672,154.1086957,20
2,6,7,38.07786885,20.04098361,20
2,0,1,0.0625,0.02914964,21
2,0,2,5.916666667,0.027988384,21
2,0,3,0.067444877,0.963683528,21
2,0,4,0.096311475,38.07786885,21
2,0,5,3.4296875,42269.14063,21
2,0,6,0.096311475,38.07786885,21
2,0,7,0.096311475,20.04098361,21
2,1,2,1.3573927,0.023541849,21
2,1,3,0.024030386,0.963683528,21
2,1,4,0.037695487,38.07786885,21
2,1,5,1.494917819,42269.14063,21
2,1,6,0.037695487,38.07786885,21
2,1,7,0.037695487,20.04098361,21
2,2,4,0.027330375,294.7910877,21
2,2,5,0.056917502,11673.55951,21
2,2,6,0.027330375,671.3297101,21
2,2,7,0.027330375,113.8188406,21
2,3,5,0.406808036,30650.09082,21
2,4,5,512.7601322,5427.10672,21
2,4,6,38.07786885,38.07786885,21
2,4,7,38.07786885,20.04098361,21
2,5,6,5427.10672,1425.253623,21
2,5,7,5427.10672,154.1086957,21
2,6,7,38.07786885,20.04098361,21
2,0,1,0.0625,0.02914964,22
2,0,2,5.931995831,0.016430035,22
2,0,3,0.067444877,0.963683528,22
2,0,4,0.067444877,43.05577173,22
2,0,5,3.4296875,42269.14063,22
2,0,6,0.067444877,43.05577173,22
2,0,7,0.067444877,25.03242542,22
2,1,2,1.561592992,0.016430035,22
2,1,3,0.024030386,0.963683528,22
2,1,4,0.024030386,43.05577173,22
2,1,5,1.494917819,42269.14063,22
2,1,6,0.024030386,43.05577173,22
2,1,7,0.024030386,25.03242542,22
2,2,4,0.027330375,294.7910877,22
2,2,5,0.056917502,11673.55951,22
2,2,6,0.027330375,671.3297101,22
2,2,7,0.027330375,113.8188406,22
2,3,5,0.406808036,30650.09082,22
2,4,5,512.7601322,5427.10672,22
2,4,6,38.07786885,38.07786885,22
2,4,7,38.07786885,20.04098361,22
2,5,6,5427.10672,1425.253623,22
2,5,7,5427.10672,154.1086957,22
2,6,7,38.07786885,20.04098361,22
2,0,1,0.0625,0.02914964,23
2,0,2,5.931995831,0.016430035,23
2,0,3,0.067444877,0.963683528,23
2,0,4,0.067444877,43.05577173,23
2,0,5,3.4296875,42269.14063,23
2,0,6,0.067444877,43.05577173,23
2,0,7,0.067444877,25.03242542,23
2,1,2,1.561592992,0.016430035,23
2,1,3,0.024030386,0.963683528,23
2,1,4,0.024030386,43.05577173,23
2,1,5,1.494917819,42269.14063,23
2,1,6,0.024030386,43.05577173,23
2,1,7,0.024030386,25.03242542,23
2,2,4,0.027330375,294.7910877,23
2,2,5,0.056917502,11673.55951,23
2,2,6,0.027330375,671.3297101,23
2,2,7,0.027330375,113.8188406,23
2,3,5,0.406808036,30650.09082,23
2,4,5,512.7601322,5427.10672,23
2,4,6,38.07786885,38.07786885,23
2,4,7,38.07786885,20.04098361,23
2,5,6,5427.10672,1425.253623,23
2,5,7,5427.10672,154.1086957,23
2,6,7,38.07786885,20.04098361,23
2,0,1,0.0625,0.02914964,24
2,0,2,5.931995831,0.016430035,24
2,0,3,0.067444877,0.963683528,24
2,0,4,0.067444877,43.05577173,24
2,0,5,3.4296875,42269.14063,24
2,0,6,0.067444877,43.05577173,24
2,0,7,0.067444877,25.03242542,24
2,1,2,1.561592992,0.016430035,24
2,1,3,0.024030386,0.963683528,24
2,1,4,0.024030386,43.05577173,24
2,1,5,1.494917819,42269.14063,24
2,1,6,0.024030386,43.05577173,24
2,1,7,0.024030386,25.03242542,24
2,2,4,0.027330375,294.7910877,24
2,2,5,0.056917502,11673.55951,24
2,2,6,0.027330375,671.3297101,24
2,2,7,0.027330375,113.8188406,24
2,3,5,0.406808036,30650.09082,24
2,4,5,512.7601322,5427.10672,24
2,4,6,38.07786885,38.07786885,24
2,4,7,38.07786885,20.04098361,24
2,5,6,5427.10672,1425.253623,24
2,5,7,5427.10672,154.1086957,24
2,6,7,38.07786885,20.04098361,24
2,0,1,0.0625,0.02914964,25
2,0,2,5.916666667,0.027988384,25
2,0,3,0.067444877,0.963683528,25
2,0,4,0.096311475,38.07786885,25
2,0,5,3.4296875,42269.14063,25
2,0,6,0.096311475,38.07786885,25
2,0,7,0.096311475,20.04098361,25
2,1,2,1.3573927,0.023541849,25
2,1,3,1.049904815,0.06122449,25
2,1,4,0.037695487,38.07786885,25
2,1,5,1.494917819,42269.14063,25
2,1,6,0.037695487,38.07786885,25
2,1,7,0.037695487,20.04098361,25
2,2,4,0.027330375,294.7910877,25
2,2,5,0.046783353,30656.57762,25
2,2,6,0.027330375,671.3297101,25
2,2,7,0.027330375,113.8188406,25
2,3,5,0.406808036,30650.09082,25
2,4,5,512.7601322,5427.10672,25
2,4,6,38.07786885,38.07786885,25
2,4,7,38.07786885,20.04098361,25
2,5,6,5427.10672,1425.253623,25
2,5,7,5427.10672,154.1086957,25
2,6,7,38.07786885,20.04098361,25
2,0,1,0.0625,0.02914964,26
2,0,2,5.931995831,0.016430035,26
2,0,3,0.067444877,0.963683528,26
2,0,4,0.067444877,43.05577173,26
2,0,5,3.4296875,42269.14063,26
2,0,6,0.067444877,43.05577173,26
2,0,7,0.067444877,25.03242542,26
2,1,2,1.561592992,0.016430035,26
2,1,3,0.024030386,0.963683528,26
2,1,4,0.024030386,43.05577173,26
2,1,5,1.494917819,42269.14063,26
2,1,6,0.024030386,43.05577173,26
2,1,7,0.024030386,25.03242542,26
2,2,4,0.027330375,294.7910877,26
2,2,5,0.056917502,11673.55951,26
2,2,6,0.027330375,671.3297101,26
2,2,7,0.027330375,113.8188406,26
2,3,5,0.406808036,30650.09082,26
2,4,5,512.7601322,5427.10672,26
2,4,6,38.07786885,38.07786885,26
2,4,7,38.07786885,20.04098361,26
2,5,6,5427.10672,1425.253623,26
2,5,7,5427.10672,154.1086957,26
2,6,7,38.07786885,20.04098361,26
2,0,1,0.0625,0.02914964,27
2,0,2,5.931995831,0.016430035,27
2,0,3,0.067444877,0.963683528,27
2,0,4,0.067444877,43.05577173,27
2,0,5,3.4296875,42269.14063,27
2,0,6,0.067444877,43.05577173,27
2,0,7,0.067444877,25.03242542,27
2,1,2,1.561592992,0.016430035,27
2,1,3,0.024030386,0.963683528,27
2,1,4,0.024030386,43.05577173,27
2,1,5,1.494917819,42269.14063,27
2,1,6,0.024030386,43.05577173,27
2,1,7,0.024030386,25.03242542,27
2,2,4,0.027330375,294.7910877,27
2,2,5,0.056917502,11673.55951,27
2,2,6,0.027330375,671.3297101,27
2,2,7,0.027330375,113.8188406,27
2,3,5,0.406808036,30650.09082,27
2,4,5,512.7601322,5427.10672,27
2,4,6,38.07786885,38.07786885,27
2,4,7,38.07786885,20.04098361,27
2,5,6,5427.10672,1425.253623,27
2,5,7,5427.10672,154.1086957,27
2,6,7,38.07786885,20.04098361,27
2,0,1,0.0625,0.02914964,28
2,0,2,5.931995831,0.016430035,28
2,0,3,0.067444877,0.963683528,28
2,0,4,0.067444877,43.05577173,28
2,0,5,3.4296875,42269.14063,28
2,0,6,0.067444877,43.05577173,28
2,0,7,0.067444877,25.03242542,28
2,1,2,1.561592992,0.016430035,28
2,1,3,0.024030386,0.963683528,28
2,1,4,0.024030386,43.05577173,28
2,1,5,1.494917819,42269.14063,28
2,1,6,0.024030386,43.05577173,28
2,1,7,0.024030386,25.03242542,28
2,2,4,0.027330375,294.7910877,28
2,2,5,0.056917502,11673.55951,28
2,2,6,0.027330375,671.3297101,28
2,2,7,0.027330375,113.8188406,28
2,3,5,0.406808036,30650.09082,28
2,4,5,512.7601322,5427.10672,28
2,4,6,38.07786885,38.07786885,28
2,4,7,38.07786885,20.04098361,28
2,5,6,5427.10672,1425.253623,28
2,5,7,5427.10672,154.1086957,28
2,6,7,38.07786885,20.04098361,28
2,0,1,0.0625,0.02914964,29
2,0,2,5.931995831,0.016430035,29
2,0,3,0.067444877,0.963683528,29
2,0,4,0.067444877,43.05577173,29
2,0,5,3.4296875,42269.14063,29
2,0,6,0.067444877,43.05577173,29
2,0,7,0.067444877,25.03242542,29
2,1,2,1.561592992,0.016430035,29
2,1,3,0.024030386,0.963683528,29
2,1,4,0.024030386,43.05577173,29
2,1,5,1.494917819,42269.14063,29
2,1,6,0.024030386,43.05577173,29
2,1,7,0.024030386,25.03242542,29
2,2,4,0.027330375,294.7910877,29
2,2,5,0.056917502,11673.55951,29
2,2,6,0.027330375,671.3297101,29
2,2,7,0.027330375,113.8188406,29
2,3,5,0.406808036,30650.09082,29
2,4,5,512.7601322,5427.10672,29
2,4,6,38.07786885,38.07786885,29
2,4,7,38.07786885,20.04098361,29
2,5,6,5427.10672,1425.253623,29
2,5,7,5427.10672,154.1086957,29
2,6,7,38.07786885,20.04098361,29
2,0,1,0.0625,0.02914964,30
2,0,2,5.916666667,0.027988384,30
2,0,3,0.067444877,0.963683528,30
2,0,4,0.096311475,38.07786885,30
2,0,5,3.4296875,42269.14063,30
2,0,6,0.096311475,38.07786885,30
2,0,7,0.096311475,20.04098361,30
2,1,2,1.3573927,0.023541849,30
2,1,3,1.049904815,0.06122449,30
2,1,4,0.037695487,38.07786885,30
2,1,5,1.494917819,42269.14063,30
2,1,6,0.037695487,38.07786885,30
2,1,7,0.037695487,20.04098361,30
2,2,4,0.027330375,294.7910877,30
2,2,5,0.046783353,30656.57762,30
2,2,6,0.027330375,671.3297101,30
2,2,7,0.027330375,113.8188406,30
2,4,5,512.7601322,5427.10672,30
2,4,6,38.07786885,38.07786885,30
2,4,7,38.07786885,20.04098361,30
2,5,6,5427.10672,1425.253623,30
2,5,7,5427.10672,154.1086957,30
2,6,7,38.07786885,20.04098361,30
2,0,1,0.0625,0.02914964,31
2,0,2,5.931995831,0.016430035,31
2,0,3,0.067444877,0.963683528,31
2,0,4,0.067444877,43.05577173,31
2,0,5,3.4296875,42269.14063,31
2,0,6,0.067444877,43.05577173,31
2,0,7,0.067444877,25.03242542,31
2,1,2,1.561592992,0.016430035,31
2,1,3,0.024030386,0.963683528,31
2,1,4,0.024030386,43.05577173,31
2,1,5,1.494917819,42269.14063,31
2,1,6,0.024030386,43.05577173,31
2,1,7,0.024030386,25.03242542,31
2,2,4,0.027330375,294.7910877,31
2,2,5,0.056917502,11673.55951,31
2,2,6,0.027330375,671.3297101,31
2,2,7,0.027330375,113.8188406,31
2,3,5,0.406808036,30650.09082,31
2,4,5,512.7601322,5427.10672,31
2,4,6,38.07786885,38.07786885,31
2,4,7,38.07786885,20.04098361,31
2,5,6,5427.10672,1425.253623,31
2,5,7,5427.10672,154.1086957,31
2,6,7,38.07786885,20.04098361,31
2,0,1,0.0625,0.02914964,32
2,0,2,5.931995831,0.016430035,32
2,0,3,0.067444877,0.963683528,32
2,0,4,0.067444877,43.05577173,32
2,0,5,3.4296875,42269.14063,32
2,0,6,0.067444877,43.05577173,32
2,0,7,0.067444877,25.03242542,32
2,1,2,1.561592992,0.016430035,32
2,1,3,0.024030386,0.963683528,32
2,1,4,0.024030386,43.05577173,32
2,1,5,1.494917819,42269.14063,32
2,1,6,0.024030386,43.05577173,32
2,1,7,0.024030386,25.03242542,32
2,2,4,0.027330375,294.7910877,32
2,2,5,0.056917502,11673.55951,32
2,2,6,0.027330375,671.3297101,32
2,2,7,0.027330375,113.8188406,32
2,3,5,0.406808036,30650.09082,32
2,4,5,512.7601322,5427.10672,32
2,4,6,38.07786885,38.07786885,32
2,4,7,38.07786885,20.04098361,32
2,5,6,5427.10672,1425.253623,32
2,5,7,5427.10672,154.1086957,32
2,6,7,38.07786885,20.04098361,32
2,0,1,0.0625,0.02914964,33
2,0,2,5.931995831,0.016430035,33
2,0,3,0.067444877,0.963683528,33
2,0,4,0.067444877,43.05577173,33
2,0,5,3.4296875,42269.14063,33
2,0,6,0.067444877,43.05577173,33
2,0,7,0.067444877,25.03242542,33
2,1,2,1.561592992,0.016430035,33
2,1,3,0.024030386,0.963683528,33
2,1,4,0.024030386,43.05577173,33
2,1,5,1.494917819,42269.14063,33
2,1,6,0.024030386,43.05577173,33
2,1,7,0.024030386,25.03242542,33
2,2,4,0.027330375,294.7910877,33
2,2,5,0.056917502,11673.55951,33
2,2,6,0.027330375,671.3297101,33
2,2,7,0.027330375,113.8188406,33
2,3,5,0.406808036,30650.09082,33
2,4,5,512.7601322,5427.10672,33
2,4,6,38.07786885,38.07786885,33
2,4,7,38.07786885,20.04098361,33
2,5,6,5427.10672,1425.253623,33
2,5,7,5427.10672,154.1086957,33
2,6,7,38.07786885,20.04098361,33
2,0,1,0.0625,0.02914964,34
2,0,2,5.931995831,0.016430035,34
2,0,3,0.067444877,0.963683528,34
2,0,4,0.067444877,43.05577173,34
2,0,5,3.4296875,42269.14063,34
2,0,6,0.067444877,43.05577173,34
2,0,7,0.067444877,25.03242542,34
2,1,2,1.561592992,0.016430035,34
2,1,3,0.024030386,0.963683528,34
2,1,4,0.024030386,43.05577173,34
2,1,5,1.494917819,42269.14063,34
2,1,6,0.024030386,43.05577173,34
2,1,7,0.024030386,25.03242542,34
2,2,4,0.027330375,294.7910877,34
2,2,5,0.056917502,11673.55951,34
2,2,6,0.027330375,671.3297101,34
2,2,7,0.027330375,113.8188406,34
2,3,5,0.406808036,30650.09082,34
2,4,5,512.7601322,5427.10672,34
2,4,6,38.07786885,38.07786885,34
2,4,7,38.07786885,20.04098361,34
2,5,6,5427.10672,1425.253623,34
2,5,7,5427.10672,154.1086957,34
2,6,7,38.07786885,20.04098361,34
2,0,1,0.0625,0.02914964,35
2,0,2,5.931995831,0.016430035,35
2,0,3,0.067444877,0.963683528,35
2,0,4,0.096311475,38.07786885,35
2,0,5,3.4296875,42269.14063,35
2,0,6,0.096311475,38.07786885,35
2,0,7,0.096311475,20.04098361,35
2,1,2,1.561592992,0.016430035,35
2,1,3,1.049904815,0.06122449,35
2,1,4,0.037695487,38.07786885,35
2,1,5,1.494917819,42269.14063,35
2,1,6,0.037695487,38.07786885,35
2,1,7,0.037695487,20.04098361,35
2,2,4,0.026009007,1113.324225,35
2,2,5,0.056917502,11673.55951,35
2,2,6,0.026009007,1354.870324,35
2,2,7,0.027330375,113.8188406,35
2,4,5,512.7601322,5427.10672,35
2,4,6,38.07786885,38.07786885,35
2,4,7,38.07786885,20.04098361,35
2,5,6,5427.10672,1425.253623,35
2,5,7,5427.10672,154.1086957,35
2,6,7,38.07786885,20.04098361,35
2,0,1,0.0625,0.02914964,36
2,0,2,5.931995831,0.016430035,36
2,0,3,0.067444877,0.963683528,36
2,0,4,0.067444877,43.05577173,36
2,0,5,3.4296875,42269.14063,36
2,0,6,0.067444877,43.05577173,36
2,0,7,0.067444877,25.03242542,36
2,1,2,1.561592992,0.016430035,36
2,1,3,0.024030386,0.963683528,36
2,1,4,0.024030386,43.05577173,36
2,1,5,1.494917819,42269.14063,36
2,1,6,0.024030386,43.05577173,36
2,1,7,0.024030386,25.03242542,36
2,2,4,0.027330375,294.7910877,36
2,2,5,0.056917502,11673.55951,36
2,2,6,0.027330375,671.3297101,36
2,2,7,0.027330375,113.8188406,36
2,3,5,0.406808036,30650.09082,36
2,4,5,512.7601322,5427.10672,36
2,4,6,38.07786885,38.07786885,36
2,4,7,38.07786885,20.04098361,36
2,5,6,5427.10672,1425.253623,36
2,5,7,5427.10672,154.1086957,36
2,6,7,38.07786885,20.04098361,36
2,0,1,0.0625,0.02914964,37
2,0,2,5.931995831,0.016430035,37
2,0,3,0.067444877,0.963683528,37
2,0,4,0.067444877,43.05577173,37
2,0,5,3.4296875,42269.14063,37
2,0,6,0.067444877,43.05577173,37
2,0,7,0.067444877,25.03242542,37
2,1,2,1.561592992,0.016430035,37
2,1,3,0.024030386,0.963683528,37
2,1,4,0.024030386,43.05577173,37
2,1,5,1.494917819,42269.14063,37
2,1,6,0.024030386,43.05577173,37
2,1,7,0.024030386,25.03242542,37
2,2,4,0.027330375,294.7910877,37
2,2,5,0.056917502,11673.55951,37
2,2,6,0.027330375,671.3297101,37
2,2,7,0.027330375,113.8188406,37
2,3,5,0.406808036,30650.09082,37
2,4,5,512.7601322,5427.10672,37
2,4,6,38.07786885,38.07786885,37
2,4,7,38.07786885,20.04098361,37
2,5,6,5427.10672,1425.253623,37
2,5,7,5427.10672,154.1086957,37
2,6,7,38.07786885,20.04098361,37
2,0,1,0.0625,0.02914964,38
2,0,2,5.931995831,0.016430035,38
2,0,3,0.067444877,0.963683528,38
2,0,4,0.067444877,43.05577173,38
2,0,5,3.4296875,42269.14063,38
2,0,6,0.067444877,43.05577173,38
2,0,7,0.067444877,25.03242542,38
2,1,2,1.561592992,0.016430035,38
2,1,3,0.024030386,0.963683528,38
2,1,4,0.024030386,43.05577173,38
2,1,5,1.494917819,42269.14063,38
2,1,6,0.024030386,43.05577173,38
2,1,7,0.024030386,25.03242542,38
2,2,4,0.027330375,294.7910877,38
2,2,5,0.056917502,11673.55951,38
2,2,6,0.027330375,671.3297101,38
2,2,7,0.027330375,113.8188406,38
2,3,5,0.406808036,30650.09082,38
2,4,5,512.7601322,5427.10672,38
2,4,6,38.07786885,38.07786885,38
2,4,7,38.07786885,20.04098361,38
2,5,6,5427.10672,1425.253623,38
2,5,7,5427.10672,154.1086957,38
2,6,7,38.07786885,20.04098361,38
2,0,1,0.0625,0.02914964,39
2,0,2,5.931995831,0.016430035,39
2,0,3,0.067444877,0.963683528,39
2,0,4,0.067444877,43.05577173,39
2,0,5,3.4296875,42269.14063,39
2,0,6,0.067444877,43.05577173,39
2,0,7,0.067444877,25.03242542,39
2,1,2,1.561592992,0.016430035,39
2,1,3,0.024030386,0.963683528,39
2,1,4,0.024030386,43.05577173,39
2,1,5,1.494917819,42269.14063,39
2,1,6,0.024030386,43.05577173,39
2,1,7,0.024030386,25.03242542,39
2,2,4,0.027330375,294.7910877,39
2,2,5,0.056917502,11673.55951,39
2,2,6,0.027330375,671.3297101,39
2,2,7,0.027330375,113.8188406,39
2,3,5,0.406808036,30650.09082,39
2,4,5,512.7601322,5427.10672,39
2,4,6,38.07786885,38.07786885,39
2,4,7,38.07786885,20.04098361,39
2,5,6,5427.10672,1425.253623,39
2,5,7,5427.10672,154.1086957,39
2,6,7,38.07786885,20.04098361,39
2,0,1,0.0625,0.02914964,40
2,0,2,5.916666667,0.027988384,40
2,0,3,3.125314861,0.011335013,40
2,0,4,0.096311475,38.07786885,40
2,0,5,3.4296875,42269.14063,40
2,0,6,0.096311475,38.07786885,40
2,0,7,0.096311475,20.04098361,40
2,1,2,1.3573927,0.023541849,40
2,1,3,1.049904815,0.06122449,40
2,1,4,0.037695487,38.07786885,40
2,1,5,1.494917819,42269.14063,40
2,1,6,0.037695487,38.07786885,40
2,1,7,0.037695487,20.04098361,40
2,2,4,0.026009007,1113.324225,40
2,2,5,0.046783353,30656.57762,40
2,2,6,0.026009007,1354.870324,40
2,2,7,0.027330375,113.8188406,40
2,4,5,512.7601322,5427.10672,40
2,4,6,38.07786885,38.07786885,40
2,4,7,38.07786885,20.04098361,40
2,5,6,5427.10672,1425.253623,40
2,5,7,5427.10672,154.1086957,40
2,6,7,38.07786885,20.04098361,40
2,0,1,0.0625,0.02914964,41
2,0,2,5.931995831,0.016430035,41
2,0,3,0.067444877,0.963683528,41
2,0,4,0.067444877,43.05577173,41
2,0,5,3.4296875,42269.14063,41
2,0,6,0.067444877,43.05577173,41
2,0,7,0.067444877,25.03242542,41
2,1,2,1.561592992,0.016430035,41
2,1,3,0.024030386,0.963683528,41
2,1,4,0.024030386,43.05577173,41
2,1,5,1.494917819,42269.14063,41
2,1,6,0.024030386,43.05577173,41
2,1,7,0.024030386,25.03242542,41
2,2,4,0.027330375,294.7910877,41
2,2,5,0.056917502,11673.55951,41
2,2,6,0.027330375,671.3297101,41
2,2,7,0.027330375,113.8188406,41
2,3,5,0.406808036,30650.09082,41
2,4,5,512.7601322,5427.10672,41
2,4,6,38.07786885,38.07786885,41
2,4,7,38.07786885,20.04098361,41
2,5,6,5427.10672,1425.253623,41
2,5,7,5427.10672,154.1086957,41
2,6,7,38.07786885,20.04098361,41
2,0,1,0.0625,0.02914964,42
2,0,2,5.931995831,0.016430035,42
2,0,3,0.067444877,0.963683528,42
2,0,4,0.067444877,43.05577173,42
2,0,5,3.4296875,42269.14063,42
2,0,6,0.067444877,43.05577173,42
2,0,7,0.067444877,25.03242542,42
2,1,2,1.561592992,0.016430035,42
2,1,3,0.024030386,0.963683528,42
2,1,4,0.024030386,43.05577173,42
2,1,5,1.494917819,42269.14063,42
2,1,6,0.024030386,43.05577173,42
2,1,7,0.024030386,25.03242542,42
2,2,4,0.027330375,294.7910877,42
2,2,5,0.056917502,11673.55951,42
2,2,6,0.027330375,671.3297101,42
2,2,7,0.027330375,113.8188406,42
2,3,5,0.406808036,30650.09082,42
2,4,5,512.7601322,5427.10672,42
2,4,6,38.07786885,38.07786885,42
2,4,7,38.07786885,20.04098361,42
2,5,6,5427.10672,1425.253623,42
2,5,7,5427.10672,154.1086957,42
2,6,7,38.07786885,20.04098361,42
2,0,1,0.0625,0.02914964,43
2,0,2,5.931995831,0.016430035,43
2,0,3,0.067444877,0.963683528,43
2,0,4,0.067444877,43.05577173,43
2,0,5,3.4296875,42269.14063,43
2,0,6,0.067444877,43.05577173,43
2,0,7,0.067444877,25.03242542,43
2,1,2,1.561592992,0.016430035,43
2,1,3,0.024030386,0.963683528,43
2,1,4,0.024030386,43.05577173,43
2,1,5,1.494917819,42269.14063,43
2,1,6,0.024030386,43.05577173,43
2,1,7,0.024030386,25.03242542,43
2,2,4,0.027330375,294.7910877,43
2,2,5,0.056917502,11673.55951,43
2,2,6,0.027330375,671.3297101,43
2,2,7,0.027330375,113.8188406,43
2,3,5,0.406808036,30650.09082,43
2,4,5,512.7601322,5427.10672,43
2,4,6,38.07786885,38.07786885,43
2,4,7,38.07786885,20.04098361,43
2,5,6,5427.10672,1425.253623,43
2,5,7,5427.10672,154.1086957,43
2,6,7,38.07786885,20.04098361,43
2,0,1,0.0625,0.02914964,44
2,0,2,5.931995831,0.016430035,44
2,0,3,0.067444877,0.963683528,44
2,0,4,0.067444877,43.05577173,44
2,0,5,3.4296875,42269.14063,44
2,0,6,0.067444877,43.05577173,44
2,0,7,0.067444877,25.03242542,44
2,1,2,1.561592992,0.016430035,44
2,1,3,0.024030386,0.963683528,44
2,1,4,0.024030386,43.05577173,44
2,1,5,1.494917819,42269.14063,44
2,1,6,0.024030386,43.05577173,44
2,1,7,0.024030386,25.03242542,44
2,2,4,0.027330375,294.7910877,44
2,2,5,0.056917502,11673.55951,44
2,2,6,0.027330375,671.3297101,44
2,2,7,0.027330375,113.8188406,44
2,3,5,0.406808036,30650.09082,44
2,4,5,512.7601322,5427.10672,44
2,4,6,38.07786885,38.07786885,44
2,4,7,38.07786885,20.04098361,44
2,5,6,5427.10672,1425.253623,44
2,5,7,5427.10672,154.1086957,44
2,6,7,38.07786885,20.04098361,44
2,0,1,0.0625,0.02914964,45
2,0,2,5.916666667,0.027988384,45
2,0,3,3.125314861,0.011335013,45
2,0,4,0.096311475,38.07786885,45
2,0,5,3.4296875,42269.14063,45
2,0,6,0.096311475,38.07786885,45
2,0,7,0.096311475,20.04098361,45
2,1,2,1.3573927,0.023541849,45
2,1,3,1.049904815,0.06122449,45
2,1,4,0.037695487,38.07786885,45
2,1,5,1.494917819,42269.14063,45
2,1,6,0.037695487,38.07786885,45
2,1,7,0.037695487,20.04098361,45
2,2,4,0.026009007,1113.324225,45
2,2,5,0.046783353,30656.57762,45
2,2,6,0.026009007,1354.870324,45
2,2,7,0.027330375,113.8188406,45
2,4,5,512.7601322,5427.10672,45
2,4,6,38.07786885,38.07786885,45
2,4,7,38.07786885,20.04098361,45
2,5,6,5427.10672,1425.253623,45
2,5,7,5427.10672,154.1086957,45
2,6,7,38.07786885,20.04098361,45
2,0,1,0.0625,0.02914964,46
2,0,2,5.931995831,0.016430035,46
2,0,3,0.067444877,0.963683528,46
2,0,4,0.067444877,43.05577173,46
2,0,5,3.4296875,42269.14063,46
2,0,6,0.067444877,43.05577173,46
2,0,7,0.067444877,25.03242542,46
2,1,2,1.561592992,0.016430035,46
2,1,3,0.024030386,0.963683528,46
2,1,4,0.024030386,43.05577173,46
2,1,5,1.494917819,42269.14063,46
2,1,6,0.024030386,43.05577173,46
2,1,7,0.024030386,25.03242542,46
2,2,4,0.027330375,294.7910877,46
2,2,5,0.056917502,11673.55951,46
2,2,6,0.027330375,671.3297101,46
2,2,7,0.027330375,113.8188406,46
2,3,5,0.406808036,30650.09082,46
2,4,5,512.7601322,5427.10672,46
2,4,6,38.07786885,38.07786885,46
2,4,7,38.07786885,20.04098361,46
2,5,6,5427.10672,1425.253623,46
2,5,7,5427.10672,154.1086957,46
2,6,7,38.07786885,20.04098361,46
2,0,1,0.0625,0.02914964,47
2,0,2,5.931995831,0.016430035,47
2,0,3,0.067444877,0.963683528,47
2,0,4,0.067444877,43.05577173,47
2,0,5,3.4296875,42269.14063,47
2,0,6,0.067444877,43.05577173,47
2,0,7,0.067444877,25.03242542,47
2,1,2,1.561592992,0.016430035,47
2,1,3,0.024030386,0.963683528,47
2,1,4,0.024030386,43.05577173,47
2,1,5,1.494917819,42269.14063,47
2,1,6,0.024030386,43.05577173,47
2,1,7,0.024030386,25.03242542,47
2,2,4,0.027330375,294.7910877,47
2,2,5,0.056917502,11673.55951,47
2,2,6,0.027330375,671.3297101,47
2,2,7,0.027330375,113.8188406,47
2,3,5,0.406808036,30650.09082,47
2,4,5,512.7601322,5427.10672,47
2,4,6,38.07786885,38.07786885,47
2,4,7,38.07786885,20.04098361,47
2,5,6,5427.10672,1425.253623,47
2,5,7,5427.10672,154.1086957,47
2,6,7,38.07786885,20.04098361,47
2,0,1,0.0625,0.02914964,48
2,0,2,5.931995831,0.016430035,48
2,0,3,0.067444877,0.963683528,48
2,0,4,0.067444877,43.05577173,48
2,0,5,3.4296875,42269.14063,48
2,0,6,0.067444877,43.05577173,48
2,0,7,0.067444877,25.03242542,48
2,1,2,1.561592992,0.016430035,48
2,1,3,0.024030386,0.963683528,48
2,1,4,0.024030386,43.05577173,48
2,1,5,1.494917819,42269.14063,48
2,1,6,0.024030386,43.05577173,48
2,1,7,0.024030386,25.03242542,48
2,2,4,0.027330375,294.7910877,48
2,2,5,0.056917502,11673.55951,48
2,2,6,0.027330375,671.3297101,48
2,2,7,0.027330375,113.8188406,48
2,3,5,0.406808036,30650.09082,48
2,4,5,512.7601322,5427.10672,48
2,4,6,38.07786885,38.07786885,48
2,4,7,38.07786885,20.04098361,48
2,5,6,5427.10672,1425.253623,48
2,5,7,5427.10672,154.1086957,48
2,6,7,38.07786885,20.04098361,48
2,0,1,0.0625,0.02914964,49
2,0,2,5.931995831,0.016430035,49
2,0,3,0.067444877,0.963683528,49
2,0,4,0.067444877,43.05577173,49
2,0,5,3.4296875,42269.14063,49
2,0,6,0.067444877,43.05577173,49
2,0,7,0.067444877,25.03242542,49
2,1,2,1.561592992,0.016430035,49
2,1,3,0.024030386,0.963683528,49
2,1,4,0.024030386,43.05577173,49
2,1,5,1.494917819,42269.14063,49
2,1,6,0.024030386,43.05577173,49
2,1,7,0.024030386,25.03242542,49
2,2,4,0.027330375,294.7910877,49
2,2,5,0.056917502,11673.55951,49
2,2,6,0.027330375,671.3297101,49
2,2,7,0.027330375,113.8188406,49
2,3,5,0.406808036,30650.09082,49
2,4,5,512.7601322,5427.10672,49
2,4,6,38.07786885,38.07786885,49
2,4,7,38.07786885,20.04098361,49
2,5,6,5427.10672,1425.253623,49
2,5,7,5427.10672,154.1086957,49
2,6,7,38.07786885,20.04098361,49
2,0,1,0.0625,0.02914964,50
2,0,2,5.916666667,0.027988384,50
2,0,3,3.125314861,0.011335013,50
2,0,4,0.096311475,38.07786885,50
2,0,5,3.4296875,42269.14063,50
2,0,6,0.096311475,38.07786885,50
2,0,7,0.096311475,20.04098361,50
2,1,2,1.3573927,0.023541849,50
2,1,3,1.049904815,0.06122449,50
2,1,4,0.037695487,38.07786885,50
2,1,5,1.494917819,42269.14063,50
2,1,6,0.037695487,38.07786885,50
2,1,7,0.037695487,20.04098361,50
2,2,4,0.026009007,1113.324225,50
2,2,5,0.046783353,30656.57762,50
2,2,6,0.026009007,1354.870324,50
2,2,7,0.027330375,113.8188406,50
2,4,5,512.7601322,5427.10672,50
2,4,6,38.07786885,38.07786885,50
2,4,7,38.07786885,20.04098361,50
2,5,6,5427.10672,1425.253623,50
2,5,7,5427.10672,154.1086957,50
2,6,7,38.07786885,20.04098361,50
2,0,1,0.0625,0.02914964,51
2,0,2,5.931995831,0.016430035,51
2,0,3,0.067444877,0.963683528,51
2,0,4,0.067444877,43.05577173,51
2,0,5,3.4296875,42269.14063,51
2,0,6,0.067444877,43.05577173,51
2,0,7,0.067444877,25.03242542,51
2,1,2,1.561592992,0.016430035,51
2,1,3,0.024030386,0.963683528,51
2,1,4,0.024030386,43.05577173,51
2,1,5,1.494917819,42269.14063,51
2,1,6,0.024030386,43.05577173,51
2,1,7,0.024030386,25.03242542,51
2,2,4,0.027330375,294.7910877,51
2,2,5,0.056917502,11673.55951,51
2,2,6,0.027330375,671.3297101,51
2,2,7,0.027330375,113.8188406,51
2,3,5,0.406808036,30650.09082,51
2,4,5,512.7601322,5427.10672,51
2,4,6,38.07786885,38.07786885,51
2,4,7,38.07786885,20.04098361,51
2,5,6,5427.10672,1425.253623,51
2,5,7,5427.10672,154.1086957,51
2,6,7,38.07786885,20.04098361,51
2,0,1,0.0625,0.02914964,52
2,0,2,5.931995831,0.016430035,52
2,0,3,0.067444877,0.963683528,52
2,0,4,0.067444877,43.05577173,52
2,0,5,3.4296875,42269.14063,52
2,0,6,0.067444877,43.05577173,52
2,0,7,0.067444877,25.03242542,52
2,1,2,1.561592992,0.016430035,52
2,1,3,0.024030386,0.963683528,52
2,1,4,0.024030386,43.05577173,52
2,1,5,1.494917819,42269.14063,52
2,1,6,0.024030386,43.05577173,52
2,1,7,0.024030386,25.03242542,52
2,2,4,0.027330375,294.7910877,52
2,2,5,0.056917502,11673.55951,52
2,2,6,0.027330375,671.3297101,52
2,2,7,0.027330375,113.8188406,52
2,3,5,0.406808036,30650.09082,52
2,4,5,512.7601322,5427.10672,52
2,4,6,38.07786885,38.07786885,52
2,4,7,38.07786885,20.04098361,52
2,5,6,5427.10672,1425.253623,52
2,5,7,5427.10672,154.1086957,52
2,6,7,38.07786885,20.04098361,52
2,0,1,0.0625,0.02914964,53
2,0,2,5.931995831,0.016430035,53
2,0,3,0.067444877,0.963683528,53
2,0,4,0.067444877,43.05577173,53
2,0,5,3.4296875,42269.14063,53
2,0,6,0.067444877,43.05577173,53
2,0,7,0.067444877,25.03242542,53
2,1,2,1.561592992,0.016430035,53
2,1,3,0.024030386,0.963683528,53
2,1,4,0.024030386,43.05577173,53
2,1,5,1.494917819,42269.14063,53
2,1,6,0.024030386,43.05577173,53
2,1,7,0.024030386,25.03242542,53
2,2,4,0.027330375,294.7910877,53
2,2,5,0.056917502,11673.55951,53
2,2,6,0.027330375,671.3297101,53
2,2,7,0.027330375,113.8188406,53
2,3,5,0.406808036,30650.09082,53
2,4,5,512.7601322,5427.10672,53
2,4,6,38.07786885,38.07786885,53
2,4,7,38.07786885,20.04098361,53
2,5,6,5427.10672,1425.253623,53
2,5,7,5427.10672,154.1086957,53
2,6,7,38.07786885,20.04098361,53
2,0,1,0.0625,0.02914964,54
2,0,2,5.931995831,0.016430035,54
2,0,3,0.067444877,0.963683528,54
2,0,4,0.067444877,43.05577173,54
2,0,5,3.4296875,42269.14063,54
2,0,6,0.067444877,43.05577173,54
2,0,7,0.067444877,25.03242542,54
2,1,2,1.561592992,0.016430035,54
2,1,3,0.024030386,0.963683528,54
2,1,4,0.024030386,43.05577173,54
2,1,5,1.494917819,42269.14063,54
2,1,6,0.024030386,43.05577173,54
2,1,7,0.024030386,25.03242542,54
2,2,4,0.027330375,294.7910877,54
2,2,5,0.056917502,11673.55951,54
2,2,6,0.027330375,671.3297101,54
2,2,7,0.027330375,113.8188406,54
2,3,5,0.406808036,30650.09082,54
2,4,5,512.7601322,5427.10672,54
2,4,6,38.07786885,38.07786885,54
2,4,7,38.07786885,20.04098361,54
2,5,6,5427.10672,1425.253623,54
2,5,7,5427.10672,154.1086957,54
2,6,7,38.07786885,20.04098361,54
2,0,1,0.0625,0.02914964,55
2,0,2,5.916666667,0.027988384,55
2,0,3,3.125314861,0.011335013,55
2,0,4,0.096311475,38.07786885,55
2,0,5,3.4296875,42269.14063,55
2,0,6,0.096311475,38.07786885,55
2,0,7,0.096311475,20.04098361,55
2,1,2,1.3573927,0.023541849,55
2,1,3,1.049904815,0.06122449,55
2,1,4,0.037695487,38.07786885,55
2,1,5,1.494917819,42269.14063,55
2,1,6,0.037695487,38.07786885,55
2,1,7,0.037695487,20.04098361,55
2,2,4,0.026009007,1113.324225,55
2,2,5,0.046783353,30656.57762,55
2,2,6,0.026009007,1354.870324,55
2,2,7,0.027330375,113.8188406,55
2,4,5,512.7601322,5427.10672,55
2,4,6,38.07786885,38.07786885,55
2,4,7,38.07786885,20.04098361,55
2,5,6,5427.10672,1425.253623,55
2,5,7,5427.10672,154.1086957,55
2,6,7,38.07786885,20.04098361,55
2,0,1,0.0625,0.02914964,56
2,0,2,5.931995831,0.016430035,56
2,0,3,0.067444877,0.963683528,56
2,0,4,0.067444877,43.05577173,56
2,0,5,3.4296875,42269.14063,56
2,0,6,0.067444877,43.05577173,56
2,0,7,0.067444877,25.03242542,56
2,1,2,1.561592992,0.016430035,56
2,1,3,0.024030386,0.963683528,56
2,1,4,0.024030386,43.05577173,56
2,1,5,1.494917819,42269.14063,56
2,1,6,0.024030386,43.05577173,56
2,1,7,0.024030386,25.03242542,56
2,2,4,0.027330375,294.7910877,56
2,2,5,0.056917502,11673.55951,56
2,2,6,0.027330375,671.3297101,56
2,2,7,0.027330375,113.8188406,56
2,3,5,0.406808036,30650.09082,56
2,4,5,512.7601322,5427.10672,56
2,4,6,38.07786885,38.07786885,56
2,4,7,38.07786885,20.04098361,56
2,5,6,5427.10672,1425.253623,56
2,5,7,5427.10672,154.1086957,56
2,6,7,38.07786885,20.04098361,56
1,0,20.90439009583333,0
1,0,22.12676508,1
1,0,12.52854123,2
1,0,2.561310782,5
1,0,3.90885751,6
1,0,3.90885751,7
1,0,17.32241015,8
1,0,22.12676508,10
1,0,22.12676508,11
1,0,3.90885751,12
1,0,3.90885751,13
1,0,2.561310782,14
1,0,2.561310782,15
1,0,22.12676508,16
1,0,3.90885751,17
1,0,22.12676508,19
1,0,3.90885751,20
1,0,3.90885751,21
1,0,3.90885751,22
1,0,12.52854123,23
1,0,3.90885751,24
1,0,3.90885751,25
1,0,100.131716951,26
1,0,2.561310782,27
1,0,2.561310782,28
1,1,0.83167785,7
1,1,0.843803382,8
1,1,0.037695487,11
1,1,0.854423731,14
1,1,1.135099961,15
1,1,0.854423731,16
1,1,0.203223759,17
1,1,0.203223759,18
1,1,0.02914964,19
1,1,0.024030386,21
1,1,0.854423731,22
1,1,0.687294539,23
1,1,0.687294539,24
1,1,0.687294539,26
1,1,0.203223759,27
1,1,0.687294539,28
1,2,0.025648965,0
1,2,0.025193176,1
1,2,0.017372242,3
1,2,0.025313553,5
1,2,0.027330375,6
1,2,0.025193176,8
1,2,0.027988384,9
1,2,0.023493496,11
1,2,0.025648965,12
1,2,0.025648965,13
1,2,0.017372242,14
1,2,0.036303006,15
1,2,0.017372242,16
1,2,0.027988384,17
1,2,0.016430035,18
1,2,0.017372242,19
1,2,0.027988384,20
1,2,0.025648965,22
1,2,0.017372242,23
1,2,0.025648965,24
1,2,0.025648965,25
1,2,0.027607277,26
1,2,0.027607277,27
1,2,0.017372242,28
1,3,145.1713736,0
1,3,145.1713736,1
1,3,8.614249037,2
1,3,1953.232028,3
1,3,6.42E-4,4
1,3,299.1146934,5
1,3,1953.232028,6
1,3,1953.232028,7
1,3,1953.232028,8
1,3,145.1713736,9
1,3,145.1713736,10
1,3,6.42E-4,11
1,3,8.614249037,12
1,3,145.1713736,13
1,3,299.1146934,14
1,3,299.1146934,15
1,3,6.42E-4,16
1,3,8.614249037,17
1,3,1953.232028,18
1,3,1953.232028,19
1,3,1953.232028,20
1,3,6.42E-4,21
1,3,145.1713736,22
1,3,1953.232028,23
1,3,145.1713736,24
1,3,6.42E-4,25
1,3,1953.232028,26
1,3,145.1713736,27
1,3,1953.232028,28
1,4,2245.113946,3
1,4,2245.113946,6
1,4,2158.998145,7
1,4,2425.561311,14
1,4,2425.561311,15
1,4,1428.574007,16
1,4,1428.574007,19
1,4,2158.998145,22
1,4,2245.113946,27
1,5,32067.50224,2
1,5,16289.28396,3
1,5,55589.17865,5
1,5,61305.97636,6
1,5,32067.50224,7
1,5,32067.50224,8
1,5,17955.91621,9
1,5,32067.50224,10
1,5,32067.50224,12
1,5,16289.28396,14
1,5,16289.28396,15
1,5,16289.28396,16
1,5,32067.50224,17
1,5,32067.50224,18
1,5,48255.61224,19
1,5,48255.61224,20
1,5,16289.28396,21
1,5,32067.50224,22
1,5,32067.50224,23
1,5,32067.50224,24
1,5,32067.50224,27
1,5,55589.17865,28
1,6,3472.734375,3
1,6,7583.0074,6
1,6,7583.0074,7
1,6,2425.561311,14
1,6,2425.561311,15
1,6,1428.574007,16
1,6,3760.275271,17
1,6,5201.437423,18
1,6,3958.831169,19
1,6,1428.574007,20
1,6,2158.998145,21
1,6,4563.722924,22
1,6,3958.831169,27
1,7,15776.587570658001,0
1,7,1182.633929,2
1,7,2700.0,3
1,7,2700.0,4
1,7,15776.587570658001,5
1,7,2257.383721,6
1,7,426.5610973,7
1,7,2257.383721,9
1,7,789.9232852,10
1,7,2700.0,11
1,7,768.9239332,12
1,7,2700.0,13
1,7,2425.561311,14
1,7,2425.561311,15
1,7,1627.543967,16
1,7,2257.383721,17
1,7,2257.383721,18
1,7,2257.383721,19
1,7,768.9239332,20
1,7,15776.587570658001,21
1,7,1750.899554,22
1,7,16827.8903385264,23
1,7,2257.383721,24
1,7,768.9239332,25
1,7,2257.383721,26
1,7,2257.383721,27
1,7,2700.0,28
